0
1
2
2
4
5
5
5
6
7
7
7
7
7
8
9
9
12
12
13
14
15
15
16
17
19
19
21
22
24
26
27
28
28
28
29
30
33
33
33
34
37
40
41
43
44
44
46
50
51
52
53
53
54
55
55
56
56
56
57
58
59
61
62
62
62
63
63
66
68
69
70
70
71
71
73
73
75
76
76
78
79
79
81
84
85
86
88
88
89
90
90
90
91
91
92
94
94
96
96
98
98
99
101
104
106
108
108
110
110
111
113
114
115
116
117
120
121
123
125
125
125
127
127
127
128
128
130
131
132
137
139
139
139
139
140
141
144
145
145
146
146
147
148
148
148
150
151
153
154
155
156
157
159
160
160
161
163
163
163
163
164
165
170
170
173
175
175
176
177
177
177
178
178
179
180
182
183
185
186
188
188
189
189
190
190
192
193
193
194
194
197
198
198
200
201
201
201
202
205
205
206
209
209
209
209
210
210
210
211
211
211
214
214
215
215
216
216
217
218
219
219
221
221
223
223
223
227
229
230
231
232
232
232
232
232
233
233
236
240
241
242
242
242
243
243
244
245
246
246
249
249
249
250
250
250
251
252
252
254
254
255
256
257
257
259
260
260
261
262
262
264
265
265
266
267
269
269
269
270
270
271
272
273
274
275
276
279
281
283
287
288
288
288
290
291
291
291
292
292
296
297
297
298
299
299
300
301
302
303
304
305
306
307
308
309
309
311
313
314
314
315
315
315
316
317
318
318
319
320
322
323
324
324
324
326
326
328
328
329
329
329
330
330
331
338
338
339
339
339
340
341
341
342
343
344
345
346
346
347
348
349
350
351
352
353
355
355
355
356
357
357
358
362
363
363
367
368
369
369
369
369
369
370
370
371
371
374
374
375
376
377
378
380
383
385
385
386
387
388
390
390
391
391
394
394
395
395
395
398
398
398
401
402
403
403
405
406
407
407
410
410
411
412
415
415
415
416
417
418
419
419
421
422
423
424
426
426
427
427
428
430
433
433
433
436
436
436
438
438
438
440
440
441
443
445
448
449
450
451
453
453
453
453
454
455
456
457
457
458
459
459
461
461
462
462
463
464
464
465
466
467
467
470
473
473
473
474
474
477
478
481
481
484
484
485
486
488
492
493
494
494
495
498
499
501
501
501
504
504
505
506
507
508
508
509
510
510
510
511
512
514
514
514
515
517
518
518
519
519
520
521
521
521
523
523
523
525
525
527
528
528
529
530
530
532
534
534
535
537
537
537
537
538
538
538
541
541
542
543
545
545
546
547
547
549
549
550
550
552
553
553
557
557
557
559
560
560
561
563
563
563
564
566
568
569
572
572
573
574
577
577
578
578
580
583
586
587
587
588
589
589
589
590
591
592
593
594
595
597
598
598
601
601
604
604
605
605
607
608
609
610
611
612
615
618
618
619
619
620
620
620
623
623
624
625
625
627
628
629
629
632
633
633
633
635
637
638
638
639
640
640
641
642
642
643
643
645
645
645
645
647
647
648
649
651
651
653
656
657
658
659
660
660
661
663
663
664
664
664
665
667
667
669
669
673
673
673
673
673
675
675
676
677
679
680
680
681
681
682
685
685
685
688
689
690
690
690
691
691
691
692
697
702
703
705
706
707
708
708
708
710
710
711
711
711
712
713
714
715
715
716
716
716
718
719
720
720
721
721
721
721
722
724
724
724
725
725
725
727
727
728
730
730
731
732
733
735
737
739
739
740
741
742
743
743
744
745
745
746
747
748
750
752
753
753
754
755
756
757
757
758
760
761
763
765
765
765
766
766
768
770
770
771
773
773
774
775
776
776
776
776
777
779
781
781
782
782
783
785
786
787
787
788
788
790
791
792
794
796
797
799
799
801
803
803
804
806
806
809
811
812
813
814
814
815
818
819
820
821
824
825
825
825
826
827
827
827
828
832
833
835
836
837
838
839
841
841
845
847
847
847
848
848
849
850
851
852
854
854
856
857
860
860
861
862
863
863
864
864
869
869
869
870
870
872
875
876
877
877
878
879
881
882
882
883
884
884
890
892
892
893
893
893
894
894
895
896
896
897
898
898
900
901
901
906
909
911
912
913
914
914
914
914
915
915
916
916
916
918
919
921
922
922
923
925
926
926
927
927
928
929
931
931
932
933
934
940
940
940
941
943
944
944
945
945
947
947
952
952
955
957
958
959
960
961
963
966
968
968
970
971
973
974
976
976
977
978
979
979
980
981
981
982
983
985
985
986
986
989
990
991
991
992
993
996
996
997
999
999
1000
1000
1001
1001
1001
1002
1005
1005
1007
1008
1008
1009
1009
1011
1012
1014
1015
1017
1017
1018
1018
1019
1021
1021
1022
1025
1027
1027
1027
1028
1030
1031
1033
1035
1035
1035
1035
1036
1036
1037
1037
1038
1039
1042
1042
1045
1046
1046
1047
1048
1048
1048
1050
1050
1050
1052
1053
1056
1057
1057
1057
1058
1058
1059
1059
1060
1060
1064
1064
1066
1068
1069
1070
1070
1070
1071
1072
1074
1075
1077
1077
1078
1081
1081
1085
1085
1086
1088
1088
1089
1090
1091
1091
1091
1091
1094
1095
1096
1097
1098
1099
1099
1099
1100
1100
1101
1101
1103
1103
1105
1106
1109
1110
1111
1112
1114
1115
1115
1116
1116
1119
1119
1119
1119
1119
1120
1121
1122
1122
1123
1125
1127
1127
1127
1135
1135
1137
1139
1140
1140
1140
1140
1143
1146
1147
1147
1147
1148
1148
1151
1154
1154
1157
1159
1160
1163
1163
1163
1164
1164
1164
1165
1166
1167
1168
1168
1168
1169
1169
1170
1171
1171
1173
1174
1174
1176
1177
1178
1179
1179
1179
1179
1180
1180
1182
1183
1184
1184
1186
1188
1191
1191
1191
1193
1193
1193
1193
1194
1197
1199
1199
1200
1200
1200
1204
1204
1204
1206
1206
1207
1212
1213
1214
1215
1216
1217
1219
1221
1221
1223
1223
1224
1224
1224
1226
1227
1228
1228
1230
1231
1231
1233
1233
1234
1234
1234
1235
1236
1236
1238
1240
1242
1243
1246
1247
1247
1249
1249
1250
1251
1252
1253
1255
1256
1259
1260
1261
1261
1261
1263
1263
1263
1264
1267
1267
1268
1268
1269
1271
1271
1272
1272
1274
1275
1276
1278
1278
1279
1279
1280
1280
1280
1281
1282
1282
1283
1283
1283
1284
1284
1285
1286
1286
1289
1290
1290
1292
1292
1293
1295
1298
1299
1299
1299
1299
1300
1303
1303
1304
1305
1306
1310
1311
1311
1312
1313
1313
1314
1315
1317
1317
1317
1318
1319
1320
1321
1323
1324
1325
1326
1328
1331
1331
1331
1333
1333
1336
1337
1338
1338
1339
1340
1340
1343
1343
1343
1344
1345
1345
1345
1346
1346
1351
1351
1351
1353
1353
1354
1354
1355
1355
1356
1356
1356
1357
1358
1359
1359
1360
1360
1360
1360
1362
1363
1365
1366
1367
1368
1368
1369
1370
1370
1371
1371
1373
1375
1378
1381
1381
1382
1382
1384
1384
1386
1387
1387
1387
1390
1391
1391
1392
1392
1392
1394
1394
1397
1399
1400
1402
1404
1406
1409
1409
1409
1410
1411
1413
1414
1415
1415
1417
1417
1419
1419
1421
1421
1422
1423
1427
1427
1429
1429
1429
1431
1431
1431
1431
1432
1433
1433
1434
1434
1437
1438
1439
1439
1439
1440
1441
1441
1444
1445
1446
1446
1446
1450
1451
1451
1451
1452
1452
1452
1454
1454
1455
1456
1457
1458
1459
1459
1460
1460
1460
1460
1461
1463
1465
1465
1466
1467
1469
1472
1474
1474
1474
1475
1477
1477
1479
1480
1482
1482
1482
1485
1486
1486
1486
1488
1490
1492
1492
1492
1493
1494
1494
1494
1495
1495
1496
1497
1499
1500
1500
1501
1501
1503
1504
1506
1507
1507
1509
1510
1510
1511
1511
1511
1512
1512
1514
1514
1516
1516
1519
1519
1519
1520
1520
1521
1523
1523
1524
1524
1526
1526
1526
1527
1527
1528
1532
1533
1534
1535
1535
1536
1537
1538
1539
1540
1541
1541
1542
1542
1542
1543
1543
1544
1545
1549
1549
1550
1550
1551
1552
1552
1554
1555
1555
1556
1556
1556
1556
1557
1560
1563
1564
1564
1565
1565
1565
1565
1565
1566
1567
1567
1568
1569
1569
1569
1570
1572
1572
1573
1574
1576
1577
1578
1578
1578
1580
1581
1585
1586
1586
1587
1588
1589
1590
1590
1593
1594
1594
1595
1598
1598
1599
1600
1600
1601
1601
1602
1603
1603
1605
1605
1607
1607
1609
1610
1612
1613
1614
1615
1615
1616
1617
1617
1617
1617
1619
1619
1621
1621
1622
1622
1623
1625
1626
1628
1630
1631
1632
1632
1632
1633
1635
1635
1635
1635
1637
1638
1639
1640
1640
1643
1644
1644
1648
1649
1649
1649
1650
1650
1651
1651
1653
1654
1655
1655
1656
1656
1657
1657
1660
1660
1662
1662
1663
1663
1663
1664
1664
1665
1666
1667
1669
1669
1669
1670
1670
1672
1672
1673
1674
1674
1676
1677
1677
1677
1680
1685
1685
1687
1688
1690
1693
1694
1695
1695
1696
1697
1697
1698
1698
1698
1699
1704
1704
1706
1708
1711
1711
1713
1715
1715
1717
1718
1719
1720
1720
1721
1721
1722
1722
1723
1723
1723
1723
1724
1725
1725
1727
1727
1727
1727
1729
1729
1730
1733
1734
1734
1734
1738
1739
1739
1739
1741
1742
1742
1742
1742
1742
1745
1745
1745
1746
1746
1746
1748
1750
1751
1751
1752
1752
1753
1754
1755
1757
1757
1759
1760
1761
1761
1761
1762
1763
1764
1764
1765
1767
1767
1768
1768
1769
1769
1772
1772
1777
1777
1779
1781
1783
1783
1783
1783
1784
1784
1785
1786
1786
1787
1787
1789
1791
1791
1794
1794
1794
1795
1796
1796
1797
1797
1799
1799
1800
1801
1803
1804
1804
1805
1806
1807
1807
1809
1810
1810
1811
1811
1811
1811
1812
1813
1814
1814
1815
1816
1816
1818
1819
1821
1821
1822
1822
1822
1824
1825
1826
1828
1828
1829
1832
1832
1833
1833
1834
1835
1835
1837
1838
1841
1842
1844
1845
1845
1846
1846
1846
1848
1850
1851
1851
1852
1853
1854
1855
1855
1855
1855
1855
1857
1857
1857
1859
1859
1860
1860
1862
1863
1863
1863
1864
1865
1865
1865
1865
1866
1867
1867
1868
1868
1870
1870
1870
1872
1874
1877
1877
1878
1881
1881
1881
1881
1881
1882
1882
1883
1885
1887
1888
1888
1890
1890
1890
1890
1892
1892
1893
1894
1895
1895
1895
1897
1898
1898
1902
1902
1903
1903
1903
1904
1905
1907
1907
1910
1911
1911
1911
1911
1912
1912
1912
1914
1915
1916
1917
1918
1918
1918
1919
1920
1921
1922
1922
1924
1925
1926
1926
1928
1929
1929
1929
1929
1929
1931
1934
1938
1940
1941
1941
1943
1943
1943
1944
1944
1945
1946
1947
1947
1949
1950
1951
1952
1952
1953
1953
1953
1955
1955
1955
1956
1957
1960
1962
1963
1963
1963
1964
1965
1969
1973
1976
1978
1978
1978
1980
1981
1981
1983
1983
1983
1984
1985
1987
1988
1989
1989
1989
1990
1990
1991
1991
1995
1995
1995
1996
1996
1996
1996
1996
1998
1998
1999
1999
1999
1999
2000
2002
2002
2004
2005
2005
2007
2010
2010
2010
2011
2012
2012
2012
2014
2015
2015
2016
2016
2016
2017
2018
2018
2020
2023
2024
2024
2025
2025
2025
2026
2026
2026
2027
2028
2029
2029
2030
2030
2031
2032
2032
2033
2034
2035
2035
2036
2037
2038
2039
2040
2040
2040
2042
2046
2047
2048
2048
2048
2050
2050
2050
2052
2054
2055
2055
2056
2057
2057
2060
2060
2061
2061
2061
2062
2066
2067
2069
2071
2072
2073
2074
2074
2075
2075
2078
2078
2079
2079
2081
2083
2084
2085
2085
2085
2086
2086
2086
2086
2087
2088
2089
2089
2091
2091
2092
2092
2092
2094
2094
2097
2097
2099
2100
2100
2101
2102
2104
2105
2106
2106
2106
2109
2110
2111
2112
2116
2118
2123
2124
2125
2126
2128
2128
2128
2131
2134
2136
2139
2140
2140
2141
2143
2146
2146
2147
2150
2151
2151
2156
2156
2157
2158
2160
2161
2162
2163
2164
2166
2166
2167
2168
2170
2171
2173
2173
2174
2174
2174
2178
2178
2178
2178
2180
2181
2183
2185
2186
2186
2187
2189
2189
2191
2191
2192
2193
2193
2195
2196
2197
2198
2199
2199
2202
2203
2204
2205
2206
2206
2208
2208
2209
2210
2212
2214
2214
2215
2217
2219
2222
2222
2223
2223
2224
2227
2230
2231
2234
2235
2236
2237
2237
2237
2238
2238
2239
2239
2242
2245
2247
2247
2248
2250
2251
2253
2254
2254
2255
2255
2255
2257
2257
2258
2259
2259
2260
2261
2261
2261
2262
2263
2264
2264
2264
2265
2265
2267
2267
2268
2269
2270
2270
2270
2270
2271
2271
2276
2277
2278
2278
2278
2283
2284
2284
2284
2286
2286
2288
2289
2289
2291
2293
2293
2294
2294
2296
2297
2301
2303
2303
2303
2305
2306
2306
2307
2308
2308
2311
2311
2313
2315
2315
2317
2318
2319
2321
2323
2323
2324
2325
2326
2327
2328
2328
2330
2330
2331
2331
2333
2333
2333
2333
2333
2334
2335
2335
2336
2336
2337
2338
2338
2340
2340
2341
2343
2344
2345
2350
2350
2350
2351
2353
2354
2354
2355
2357
2360
2365
2366
2367
2369
2370
2374
2374
2377
2377
2378
2379
2379
2379
2381
2381
2382
2387
2388
2392
2392
2393
2394
2396
2398
2398
2398
2400
2400
2400
2401
2401
2404
2407
2407
2408
2410
2411
2411
2411
2412
2412
2415
2415
2419
2420
2420
2420
2421
2422
2423
2423
2424
2425
2426
2426
2427
2431
2431
2431
2435
2435
2441
2441
2441
2443
2445
2446
2447
2448
2450
2450
2451
2452
2456
2456
2459
2460
2460
2464
2465
2465
2467
2469
2471
2472
2474
2476
2477
2478
2479
2480
2480
2481
2482
2483
2483
2484
2485
2486
2488
2489
2492
2492
2493
2493
2496
2497
2500
2500
2502
2502
2502
2503
2503
2503
2504
2505
2505
2506
2508
2509
2510
2510
2512
2513
2514
2514
2515
2516
2517
2518
2518
2519
2519
2520
2520
2523
2523
2523
2523
2528
2528
2528
2534
2534
2537
2539
2539
2539
2543
2543
2545
2548
2548
2551
2552
2554
2556
2557
2558
2558
2559
2561
2561
2562
2566
2567
2567
2567
2569
2570
2571
2573
2573
2574
2574
2575
2575
2575
2576
2579
2581
2582
2587
2588
2590
2591
2591
2593
2594
2596
2596
2598
2599
2601
2601
2601
2601
2602
2604
2605
2606
2611
2611
2611
2611
2613
2614
2614
2615
2617
2617
2619
2619
2621
2621
2622
2624
2624
2624
2624
2625
2628
2628
2629
2629
2630
2630
2630
2630
2631
2631
2631
2632
2632
2634
2635
2635
2635
2636
2636
2639
2640
2640
2640
2641
2642
2644
2644
2645
2645
2646
2646
2648
2648
2649
2650
2651
2652
2652
2653
2654
2660
2661
2664
2664
2669
2670
2670
2671
2671
2671
2671
2671
2672
2672
2674
2674
2676
2677
2678
2680
2681
2684
2686
2687
2688
2688
2688
2688
2689
2690
2690
2691
2691
2694
2694
2694
2696
2697
2698
2699
2700
2701
2702
2703
2703
2704
2705
2707
2708
2710
2711
2711
2713
2713
2713
2719
2720
2721
2722
2722
2722
2722
2723
2723
2724
2724
2725
2727
2728
2730
2732
2733
2734
2734
2734
2734
2736
2737
2738
2739
2739
2740
2742
2743
2743
2745
2748
2751
2754
2755
2755
2757
2758
2759
2760
2761
2762
2762
2765
2766
2767
2767
2768
2768
2769
2771
2773
2774
2776
2776
2777
2778
2778
2780
2782
2783
2783
2783
2783
2785
2789
2789
2789
2789
2792
2794
2795
2798
2799
2802
2803
2803
2804
2805
2806
2806
2810
2811
2813
2816
2816
2817
2818
2820
2820
2821
2821
2821
2821
2822
2823
2824
2826
2831
2831
2831
2832
2833
2833
2834
2836
2837
2837
2838
2838
2842
2842
2842
2844
2845
2847
2848
2849
2850
2850
2852
2852
2853
2855
2857
2858
2859
2860
2862
2864
2864
2866
2868
2869
2874
2874
2875
2876
2876
2877
2877
2878
2878
2879
2879
2879
2880
2880
2884
2885
2887
2887
2888
2889
2890
2891
2891
2891
2891
2893
2893
2894
2894
2895
2896
2897
2899
2900
2900
2900
2902
2903
2905
2907
2907
2908
2912
2912
2912
2914
2916
2917
2920
2921
2924
2924
2926
2927
2928
2930
2933
2935
2935
2936
2937
2941
2942
2944
2944
2945
2945
2946
2948
2948
2950
2950
2951
2957
2959
2965
2968
2968
2968
2969
2970
2971
2972
2974
2975
2977
2979
2980
2980
2982
2983
2986
2986
2988
2989
2990
2991
2992
2994
2995
2995
2996
2996
2996
2998
2998
2998
2999
2999
3000
3001
3001
3001
3002
3002
3002
3004
3005
3005
3006
3006
3007
3007
3007
3008
3009
3010
3010
3010
3011
3013
3013
3014
3015
3015
3019
3020
3021
3022
3024
3024
3025
3028
3029
3030
3031
3034
3034
3035
3036
3037
3040
3043
3044
3045
3050
3050
3051
3051
3053
3054
3056
3056
3056
3057
3061
3061
3062
3063
3063
3064
3064
3064
3066
3069
3070
3070
3071
3072
3074
3075
3076
3078
3078
3078
3079
3079
3079
3080
3082
3084
3086
3086
3086
3086
3087
3087
3089
3090
3093
3095
3096
3097
3099
3099
3101
3101
3103
3103
3104
3104
3104
3105
3106
3108
3108
3109
3110
3111
3112
3112
3112
3112
3113
3114
3116
3116
3117
3117
3118
3120
3122
3124
3124
3125
3126
3129
3130
3131
3135
3135
3135
3137
3137
3138
3138
3140
3141
3141
3143
3145
3145
3146
3146
3146
3148
3149
3151
3152
3152
3153
3153
3154
3155
3155
3156
3156
3157
3157
3159
3160
3164
3166
3166
3166
3166
3166
3168
3169
3169
3170
3173
3174
3174
3177
3179
3180
3180
3182
3182
3182
3182
3184
3184
3184
3184
3185
3185
3185
3186
3187
3188
3190
3190
3191
3192
3192
3192
3193
3193
3194
3194
3194
3195
3195
3198
3201
3202
3202
3203
3204
3204
3204
3205
3206
3206
3206
3206
3206
3208
3208
3209
3209
3209
3210
3210
3211
3215
3216
3217
3217
3218
3219
3219
3220
3224
3224
3224
3225
3226
3227
3228
3229
3230
3232
3233
3234
3236
3238
3238
3238
3241
3242
3243
3243
3244
3244
3245
3246
3247
3247
3248
3248
3249
3249
3253
3253
3253
3254
3254
3255
3255
3255
3256
3260
3262
3264
3265
3265
3265
3266
3267
3267
3268
3268
3269
3269
3270
3273
3274
3275
3279
3280
3281
3282
3283
3285
3286
3289
3289
3291
3292
3293
3294
3296
3296
3296
3298
3298
3298
3299
3299
3300
3300
3300
3300
3303
3303
3303
3304
3305
3306
3306
3306
3307
3308
3309
3310
3310
3311
3312
3314
3314
3316
3317
3317
3318
3318
3318
3321
3321
3321
3324
3325
3325
3327
3327
3327
3328
3329
3330
3330
3332
3335
3336
3336
3340
3340
3341
3343
3345
3350
3350
3352
3359
3359
3359
3360
3360
3361
3362
3363
3363
3364
3365
3367
3368
3368
3368
3369
3372
3372
3374
3374
3375
3375
3376
3376
3378
3378
3381
3381
3382
3383
3386
3386
3387
3387
3387
3388
3388
3389
3390
3391
3391
3392
3393
3394
3394
3395
3396
3396
3396
3396
3398
3399
3401
3402
3402
3403
3403
3403
3403
3406
3407
3408
3408
3408
3409
3409
3410
3410
3411
3413
3414
3414
3414
3415
3417
3421
3422
3423
3423
3424
3425
3426
3427
3428
3428
3428
3430
3432
3432
3433
3435
3435
3435
3440
3440
3441
3441
3442
3442
3442
3443
3443
3445
3446
3447
3448
3448
3448
3451
3452
3452
3452
3453
3457
3458
3459
3460
3460
3461
3461
3462
3462
3462
3463
3464
3464
3465
3466
3468
3470
3472
3475
3476
3476
3477
3478
3478
3480
3483
3483
3483
3484
3484
3486
3486
3486
3487
3487
3488
3488
3490
3490
3493
3494
3494
3495
3496
3496
3497
3498
3498
3500
3501
3502
3503
3504
3505
3507
3507
3508
3509
3509
3510
3510
3512
3513
3513
3514
3515
3515
3516
3516
3519
3522
3523
3524
3524
3524
3524
3529
3530
3530
3532
3533
3534
3534
3535
3536
3536
3536
3538
3539
3539
3539
3540
3541
3541
3541
3542
3542
3542
3543
3544
3545
3545
3548
3548
3548
3549
3551
3553
3555
3557
3559
3559
3560
3563
3566
3566
3568
3569
3569
3569
3569
3570
3572
3573
3573
3575
3576
3580
3580
3580
3584
3587
3588
3589
3589
3591
3592
3592
3592
3593
3593
3594
3595
3595
3597
3598
3599
3601
3601
3602
3602
3606
3607
3608
3609
3610
3610
3613
3615
3616
3617
3617
3618
3621
3621
3622
3625
3626
3627
3627
3627
3629
3629
3629
3630
3632
3632
3632
3634
3636
3636
3638
3638
3639
3639
3641
3643
3644
3644
3645
3645
3646
3646
3647
3649
3651
3655
3655
3655
3657
3657
3659
3659
3661
3661
3661
3663
3664
3664
3664
3665
3666
3669
3670
3671
3672
3672
3677
3677
3682
3684
3685
3686
3686
3686
3687
3687
3687
3689
3690
3690
3690
3690
3691
3692
3692
3692
3693
3694
3694
3694
3695
3696
3697
3697
3699
3700
3702
3702
3704
3704
3704
3706
3707
3707
3707
3708
3709
3709
3709
3709
3710
3710
3714
3715
3715
3716
3716
3718
3718
3719
3721
3722
3722
3723
3724
3724
3724
3724
3726
3727
3728
3728
3728
3730
3731
3736
3736
3736
3736
3737
3737
3739
3740
3740
3740
3741
3741
3744
3744
3744
3745
3747
3747
3748
3748
3749
3749
3749
3751
3752
3753
3755
3755
3755
3757
3757
3758
3759
3759
3760
3760
3760
3761
3762
3764
3764
3765
3767
3768
3769
3769
3770
3770
3771
3774
3774
3775
3775
3776
3777
3777
3778
3778
3780
3782
3783
3784
3785
3787
3787
3788
3791
3792
3792
3793
3798
3800
3804
3805
3806
3806
3806
3807
3807
3808
3808
3810
3812
3813
3815
3815
3816
3818
3818
3819
3822
3823
3824
3825
3825
3826
3828
3828
3829
3830
3830
3831
3831
3833
3833
3834
3834
3834
3835
3836
3836
3838
3838
3840
3840
3841
3841
3843
3846
3848
3849
3849
3850
3851
3852
3852
3852
3853
3854
3856
3857
3859
3860
3860
3860
3860
3861
3862
3863
3863
3863
3863
3864
3864
3865
3866
3870
3871
3872
3874
3875
3875
3876
3877
3877
3877
3878
3880
3884
3886
3887
3887
3887
3888
3889
3889
3891
3892
3893
3896
3897
3898
3899
3902
3902
3905
3906
3907
3908
3909
3910
3911
3913
3915
3917
3917
3917
3918
3922
3923
3924
3924
3928
3928
3929
3929
3930
3933
3933
3934
3934
3934
3935
3935
3937
3938
3938
3940
3942
3943
3944
3944
3945
3946
3946
3947
3948
3949
3950
3950
3950
3951
3951
3952
3955
3955
3956
3956
3957
3957
3958
3958
3959
3959
3960
3961
3962
3964
3966
3967
3968
3970
3970
3970
3970
3971
3972
3973
3974
3974
3974
3976
3977
3978
3979
3979
3979
3980
3981
3981
3982
3982
3984
3985
3985
3985
3987
3988
3988
3991
3991
3992
3994
3994
3996
3996
3999
4000
4001
4002
4002
4003
4004
4006
4007
4009
4010
4013
4015
4015
4016
4016
4018
4018
4022
4022
4024
4024
4025
4025
4026
4027
4027
4027
4027
4028
4028
4031
4032
4033
4035
4035
4039
4040
4040
4041
4041
4042
4042
4042
4042
4045
4046
4047
4049
4050
4050
4053
4053
4054
4055
4056
4056
4057
4058
4059
4060
4063
4063
4065
4065
4066
4067
4067
4068
4070
4070
4071
4072
4073
4075
4075
4078
4079
4080
4081
4081
4082
4082
4082
4082
4083
4084
4085
4086
4086
4087
4087
4092
4092
4094
4094
4096
4096
4097
4098
4100
4100
4100
4101
4102
4103
4104
4104
4105
4107
4108
4110
4111
4113
4114
4114
4114
4115
4116
4116
4117
4119
4120
4123
4123
4124
4125
4125
4127
4127
4128
4129
4132
4133
4133
4135
4135
4135
4136
4137
4138
4139
4141
4144
4145
4145
4147
4148
4148
4149
4149
4152
4154
4155
4157
4160
4160
4160
4161
4161
4161
4162
4164
4167
4168
4169
4171
4171
4172
4172
4174
4175
4175
4177
4177
4177
4178
4178
4178
4179
4180
4180
4181
4181
4183
4185
4186
4189
4189
4190
4193
4193
4197
4198
4199
4199
4200
4201
4202
4202
4203
4204
4204
4208
4211
4211
4211
4212
4212
4213
4216
4216
4217
4217
4218
4220
4220
4223
4224
4225
4228
4229
4231
4232
4232
4233
4233
4233
4233
4235
4236
4236
4237
4239
4240
4240
4240
4241
4242
4244
4245
4246
4246
4248
4248
4251
4252
4253
4254
4254
4256
4257
4257
4258
4263
4264
4265
4267
4268
4268
4268
4269
4269
4269
4271
4272
4274
4276
4276
4278
4279
4281
4282
4283
4284
4284
4286
4286
4286
4287
4288
4291
4292
4293
4293
4294
4298
4299
4300
4303
4304
4305
4305
4306
4306
4307
4307
4308
4308
4310
4311
4311
4312
4312
4313
4314
4314
4314
4316
4316
4317
4318
4318
4319
4319
4320
4320
4320
4322
4322
4323
4324
4324
4325
4326
4326
4326
4328
4328
4330
4330
4332
4333
4334
4336
4336
4336
4337
4337
4338
4342
4343
4344
4344
4344
4345
4346
4347
4347
4347
4350
4351
4355
4356
4356
4356
4356
4357
4357
4358
4360
4361
4362
4363
4366
4368
4368
4369
4370
4373
4374
4376
4376
4377
4377
4378
4378
4378
4378
4378
4379
4379
4380
4380
4381
4382
4383
4383
4385
4388
4388
4393
4393
4394
4394
4394
4395
4395
4397
4397
4398
4398
4398
4400
4403
4403
4405
4406
4407
4408
4408
4410
4410
4411
4412
4413
4413
4415
4415
4416
4416
4418
4419
4422
4423
4423
4423
4424
4425
4425
4426
4427
4428
4430
4430
4432
4432
4434
4436
4436
4437
4438
4438
4438
4438
4441
4442
4443
4443
4444
4445
4446
4447
4448
4449
4450
4450
4453
4454
4454
4455
4456
4456
4456
4456
4458
4458
4460
4460
4462
4462
4463
4463
4463
4463
4463
4466
4467
4467
4467
4467
4468
4469
4470
4471
4473
4474
4474
4474
4476
4476
4476
4477
4477
4477
4479
4480
4481
4482
4483
4483
4484
4484
4484
4485
4485
4486
4486
4488
4488
4488
4489
4490
4492
4492
4493
4493
4494
4495
4495
4495
4495
4496
4497
4497
4497
4498
4498
4499
4499
4499
4500
4501
4503
4503
4504
4506
4506
4510
4511
4512
4512
4513
4513
4514
4516
4516
4516
4517
4518
4521
4521
4524
4524
4527
4528
4528
4532
4532
4533
4533
4534
4536
4537
4538
4539
4539
4539
4543
4544
4544
4544
4544
4548
4549
4549
4549
4550
4551
4553
4558
4559
4559
4560
4565
4566
4566
4567
4569
4569
4570
4570
4570
4570
4570
4571
4571
4571
4573
4574
4575
4578
4582
4583
4584
4584
4585
4586
4588
4588
4589
4590
4591
4593
4593
4594
4594
4596
4596
4598
4599
4599
4601
4601
4602
4602
4602
4603
4603
4605
4607
4608
4608
4610
4610
4611
4612
4613
4614
4614
4615
4615
4620
4623
4623
4624
4624
4624
4625
4626
4628
4629
4630
4630
4632
4635
4635
4638
4640
4640
4641
4645
4646
4648
4648
4648
4648
4649
4649
4650
4650
4650
4651
4651
4651
4652
4653
4654
4655
4655
4657
4658
4658
4659
4660
4662
4662
4662
4663
4663
4665
4665
4666
4666
4667
4667
4667
4668
4669
4670
4670
4672
4673
4673
4676
4679
4681
4681
4682
4683
4683
4684
4684
4686
4687
4690
4692
4692
4692
4693
4693
4695
4696
4697
4698
4699
4700
4700
4700
4701
4702
4704
4704
4704
4704
4705
4705
4705
4706
4708
4708
4708
4711
4712
4713
4714
4714
4716
4717
4718
4719
4724
4725
4727
4728
4729
4730
4730
4731
4731
4731
4732
4733
4733
4735
4737
4739
4740
4741
4743
4745
4747
4747
4747
4748
4748
4749
4752
4753
4754
4754
4757
4759
4759
4760
4760
4760
4764
4766
4767
4767
4769
4771
4771
4774
4776
4776
4777
4779
4785
4785
4786
4788
4788
4789
4789
4789
4790
4791
4791
4791
4793
4793
4793
4794
4794
4794
4796
4797
4797
4797
4798
4799
4801
4801
4801
4801
4801
4802
4803
4803
4805
4806
4806
4808
4808
4808
4809
4809
4811
4814
4815
4816
4817
4818
4818
4819
4820
4823
4824
4825
4827
4827
4830
4831
4831
4833
4833
4833
4834
4838
4838
4838
4838
4839
4840
4841
4842
4842
4845
4846
4846
4847
4847
4847
4851
4851
4851
4851
4853
4853
4853
4854
4854
4857
4857
4857
4859
4860
4862
4862
4863
4863
4864
4866
4867
4867
4867
4867
4868
4868
4869
4869
4870
4870
4871
4872
4872
4874
4874
4874
4875
4875
4876
4877
4878
4879
4879
4880
4880
4882
4884
4885
4886
4886
4887
4888
4888
4890
4891
4891
4891
4893
4894
4895
4896
4899
4900
4901
4903
4903
4906
4906
4907
4908
4908
4910
4911
4913
4914
4915
4918
4919
4919
4920
4920
4921
4924
4924
4927
4927
4930
4931
4932
4935
4936
4937
4938
4938
4938
4939
4940
4940
4940
4941
4941
4941
4941
4942
4944
4945
4946
4946
4947
4947
4949
4949
4949
4951
4951
4952
4953
4953
4955
4957
4958
4962
4962
4963
4964
4964
4966
4966
4968
4969
4971
4975
4975
4976
4976
4977
4978
4979
4982
4982
4982
4983
4983
4984
4986
4988
4988
4988
4996
4996
4997
4997
4998
4999
4999
5000
5001
5003
5005
5005
5005
5008
5008
5009
5009
5011
5012
5014
5015
5015
5015
5016
5017
5019
5020
5022
5022
5022
5025
5026
5027
5028
5028
5028
5029
5030
5031
5032
5033
5034
5035
5038
5039
5040
5040
5041
5042
5043
5045
5048
5051
5051
5051
5051
5052
5054
5054
5055
5055
5055
5057
5057
5057
5059
5059
5060
5060
5061
5063
5064
5065
5066
5067
5067
5068
5068
5070
5070
5073
5074
5075
5075
5076
5079
5079
5079
5079
5080
5081
5081
5082
5083
5083
5083
5083
5083
5087
5087
5088
5090
5091
5091
5091
5093
5093
5094
5095
5096
5096
5097
5097
5097
5101
5101
5101
5103
5104
5105
5106
5106
5109
5109
5109
5110
5110
5111
5111
5112
5114
5115
5116
5117
5118
5120
5120
5121
5124
5125
5126
5126
5128
5129
5131
5131
5131
5132
5132
5133
5135
5135
5137
5138
5140
5140
5141
5143
5146
5147
5151
5151
5152
5152
5153
5154
5154
5155
5156
5159
5159
5162
5164
5164
5164
5165
5167
5167
5168
5168
5168
5169
5169
5171
5171
5172
5172
5174
5176
5176
5176
5179
5179
5180
5180
5182
5183
5183
5183
5183
5185
5187
5188
5190
5190
5190
5191
5191
5192
5192
5192
5192
5193
5194
5194
5198
5199
5200
5201
5201
5202
5203
5204
5204
5206
5211
5211
5212
5212
5213
5213
5214
5215
5215
5215
5216
5216
5216
5216
5219
5220
5221
5222
5224
5226
5226
5231
5232
5233
5233
5234
5234
5238
5240
5240
5241
5241
5241
5242
5243
5244
5244
5245
5247
5248
5249
5250
5251
5252
5253
5254
5256
5256
5259
5259
5260
5262
5262
5263
5263
5264
5264
5265
5266
5267
5269
5270
5275
5275
5276
5280
5281
5281
5282
5284
5286
5288
5288
5289
5289
5289
5290
5290
5290
5290
5291
5291
5291
5292
5294
5295
5296
5297
5297
5297
5298
5298
5298
5301
5302
5303
5304
5305
5306
5306
5306
5306
5309
5309
5313
5315
5315
5316
5317
5319
5320
5320
5321
5322
5324
5326
5327
5327
5327
5327
5328
5328
5328
5328
5328
5328
5330
5332
5333
5334
5335
5335
5335
5336
5336
5336
5336
5340
5340
5340
5341
5341
5345
5345
5346
5348
5348
5351
5352
5352
5353
5353
5354
5356
5356
5357
5357
5357
5359
5360
5360
5363
5363
5363
5365
5365
5367
5369
5369
5369
5371
5371
5373
5374
5374
5375
5377
5377
5379
5382
5382
5384
5385
5385
5386
5386
5388
5389
5390
5392
5392
5392
5393
5394
5395
5396
5397
5398
5400
5400
5400
5401
5403
5403
5405
5407
5407
5409
5410
5410
5411
5416
5417
5418
5421
5421
5422
5422
5422
5424
5426
5428
5429
5433
5434
5434
5434
5434
5435
5436
5436
5436
5437
5437
5439
5441
5443
5444
5445
5446
5446
5446
5446
5447
5453
5453
5454
5455
5456
5458
5458
5461
5462
5462
5463
5465
5467
5467
5469
5470
5471
5472
5473
5475
5478
5478
5479
5480
5482
5482
5482
5482
5483
5484
5485
5487
5490
5490
5491
5491
5493
5493
5493
5493
5493
5495
5496
5498
5499
5499
5501
5501
5502
5503
5503
5504
5505
5506
5507
5507
5509
5509
5510
5511
5511
5512
5512
5512
5513
5513
5515
5517
5518
5519
5520
5522
5522
5523
5532
5533
5535
5536
5536
5537
5537
5537
5538
5539
5542
5542
5544
5545
5545
5545
5545
5546
5547
5547
5547
5548
5549
5550
5551
5551
5552
5554
5554
5555
5555
5556
5558
5558
5558
5560
5561
5563
5564
5565
5565
5566
5566
5569
5569
5569
5570
5571
5573
5574
5574
5576
5576
5577
5578
5582
5585
5586
5586
5587
5588
5589
5590
5592
5593
5593
5595
5596
5597
5597
5598
5601
5602
5604
5605
5606
5607
5608
5609
5610
5610
5610
5613
5613
5617
5617
5617
5618
5620
5620
5620
5620
5621
5621
5624
5624
5626
5628
5631
5631
5632
5634
5634
5636
5639
5641
5641
5642
5642
5643
5646
5647
5647
5648
5648
5649
5649
5649
5650
5651
5651
5652
5653
5653
5654
5656
5659
5660
5661
5662
5663
5666
5669
5670
5670
5670
5670
5671
5672
5673
5674
5674
5674
5674
5675
5676
5676
5676
5676
5676
5677
5678
5678
5679
5679
5679
5680
5681
5684
5685
5686
5686
5689
5691
5691
5692
5694
5694
5694
5696
5697
5698
5699
5699
5701
5701
5703
5703
5703
5703
5705
5708
5709
5712
5718
5721
5723
5725
5725
5726
5728
5728
5734
5734
5735
5735
5736
5737
5739
5739
5741
5741
5743
5745
5746
5746
5747
5747
5749
5749
5750
5753
5754
5754
5756
5756
5756
5758
5759
5760
5760
5761
5761
5763
5764
5764
5766
5766
5766
5766
5767
5768
5768
5770
5773
5773
5774
5775
5775
5776
5777
5778
5779
5779
5779
5780
5782
5784
5785
5786
5788
5789
5790
5790
5790
5791
5793
5794
5794
5795
5796
5796
5797
5797
5798
5798
5799
5799
5799
5800
5800
5801
5802
5804
5805
5808
5809
5810
5812
5812
5813
5814
5815
5817
5818
5821
5824
5825
5826
5828
5829
5830
5830
5832
5832
5833
5835
5837
5838
5839
5842
5843
5843
5845
5845
5846
5846
5846
5847
5849
5852
5852
5854
5855
5856
5856
5857
5860
5861
5861
5861
5862
5862
5862
5863
5864
5865
5865
5867
5872
5873
5873
5873
5876
5877
5880
5880
5880
5880
5881
5881
5881
5881
5883
5883
5883
5884
5885
5885
5885
5885
5885
5887
5888
5888
5888
5889
5889
5889
5892
5892
5893
5893
5895
5896
5896
5897
5898
5898
5899
5899
5900
5900
5901
5901
5902
5903
5903
5903
5904
5904
5905
5905
5905
5906
5909
5910
5912
5912
5913
5913
5915
5915
5916
5917
5919
5921
5922
5924
5925
5926
5927
5927
5927
5928
5930
5933
5934
5934
5934
5934
5935
5935
5935
5936
5940
5941
5943
5944
5946
5947
5947
5948
5949
5949
5949
5950
5950
5950
5951
5951
5951
5952
5952
5952
5956
5958
5959
5959
5959
5960
5960
5963
5963
5964
5965
5966
5967
5968
5970
5970
5972
5972
5973
5974
5977
5977
5978
5978
5979
5981
5983
5984
5985
5986
5986
5987
5988
5990
5990
5993
5994
5997
5998
5998
6000
6002
6003
6004
6008
6009
6009
6010
6010
6012
6013
6015
6015
6016
6017
6017
6017
6019
6020
6020
6021
6022
6023
6024
6024
6025
6026
6029
6029
6030
6031
6033
6036
6036
6036
6039
6040
6042
6042
6042
6044
6048
6049
6050
6050
6051
6051
6053
6054
6056
6058
6058
6059
6060
6060
6061
6061
6062
6064
6064
6065
6065
6066
6067
6075
6076
6078
6079
6081
6083
6084
6085
6086
6087
6088
6089
6089
6092
6092
6092
6093
6094
6095
6095
6096
6097
6098
6099
6100
6101
6101
6103
6106
6108
6108
6110
6112
6113
6113
6113
6115
6115
6116
6117
6118
6118
6118
6119
6120
6120
6121
6121
6121
6121
6122
6123
6123
6123
6124
6125
6126
6127
6129
6129
6129
6129
6131
6132
6133
6134
6134
6135
6135
6138
6139
6139
6140
6141
6142
6142
6143
6145
6145
6146
6146
6148
6148
6149
6150
6150
6155
6155
6155
6155
6156
6157
6157
6158
6158
6161
6163
6164
6164
6164
6165
6165
6166
6166
6168
6168
6169
6170
6170
6171
6173
6174
6174
6176
6177
6178
6178
6178
6179
6180
6180
6180
6181
6182
6183
6184
6185
6186
6186
6187
6188
6188
6188
6188
6188
6192
6195
6197
6198
6202
6202
6202
6204
6205
6207
6210
6210
6212
6212
6214
6214
6214
6218
6220
6222
6222
6222
6223
6226
6227
6227
6228
6229
6231
6232
6232
6233
6235
6235
6236
6236
6237
6237
6239
6239
6239
6240
6241
6241
6243
6244
6244
6248
6250
6251
6253
6253
6254
6254
6254
6254
6256
6257
6258
6258
6259
6261
6261
6261
6262
6269
6271
6272
6274
6274
6275
6281
6281
6282
6284
6287
6287
6290
6292
6292
6292
6293
6294
6295
6296
6296
6297
6298
6300
6300
6302
6303
6303
6303
6303
6304
6305
6305
6307
6307
6311
6312
6314
6315
6316
6316
6316
6316
6316
6322
6322
6322
6323
6326
6327
6327
6328
6328
6330
6333
6334
6334
6334
6335
6337
6337
6337
6337
6339
6341
6342
6343
6343
6346
6348
6348
6349
6349
6353
6354
6354
6355
6356
6358
6360
6360
6360
6362
6363
6363
6363
6364
6368
6369
6369
6371
6372
6372
6373
6373
6373
6374
6374
6374
6376
6376
6376
6377
6377
6377
6378
6380
6381
6381
6382
6387
6387
6388
6390
6390
6390
6391
6392
6392
6393
6393
6394
6394
6395
6396
6396
6398
6398
6398
6399
6403
6403
6410
6410
6411
6412
6417
6417
6418
6418
6419
6420
6421
6421
6421
6422
6423
6423
6425
6427
6428
6428
6429
6431
6432
6433
6434
6435
6435
6436
6438
6440
6441
6444
6445
6446
6448
6448
6450
6450
6454
6455
6456
6457
6458
6459
6459
6460
6460
6460
6460
6461
6464
6465
6465
6468
6469
6469
6471
6472
6473
6473
6473
6474
6475
6475
6476
6478
6478
6478
6479
6479
6480
6480
6483
6483
6483
6484
6484
6484
6485
6486
6487
6489
6491
6493
6493
6494
6495
6496
6496
6497
6497
6500
6501
6502
6503
6505
6509
6509
6510
6512
6512
6512
6513
6517
6517
6519
6520
6521
6522
6522
6524
6525
6526
6526
6527
6528
6529
6530
6530
6530
6530
6531
6532
6535
6537
6538
6540
6540
6541
6541
6541
6542
6543
6543
6544
6546
6546
6549
6549
6549
6551
6551
6553
6556
6556
6557
6561
6564
6565
6571
6573
6573
6573
6574
6574
6575
6577
6578
6578
6582
6582
6582
6583
6584
6584
6584
6585
6585
6588
6590
6592
6594
6594
6595
6595
6597
6597
6599
6599
6599
6599
6601
6602
6603
6603
6603
6604
6604
6605
6608
6609
6610
6611
6612
6613
6613
6614
6615
6616
6618
6619
6621
6621
6623
6623
6624
6624
6629
6631
6631
6633
6633
6634
6639
6641
6643
6643
6644
6644
6646
6646
6646
6647
6647
6647
6648
6648
6649
6651
6654
6654
6656
6658
6659
6660
6660
6660
6660
6662
6663
6664
6664
6664
6664
6666
6666
6666
6666
6666
6666
6668
6670
6671
6671
6673
6673
6674
6675
6676
6677
6679
6679
6680
6680
6680
6681
6682
6682
6684
6684
6686
6686
6689
6689
6693
6695
6697
6697
6701
6701
6702
6703
6705
6705
6706
6707
6712
6713
6713
6717
6718
6720
6720
6720
6720
6720
6720
6722
6723
6723
6725
6725
6725
6725
6725
6726
6726
6726
6726
6727
6728
6728
6728
6729
6729
6730
6731
6731
6732
6732
6733
6733
6733
6734
6734
6735
6736
6736
6736
6737
6740
6742
6742
6745
6746
6747
6747
6748
6748
6749
6751
6751
6753
6753
6753
6754
6755
6757
6759
6763
6763
6764
6764
6764
6765
6767
6768
6768
6768
6769
6770
6771
6772
6772
6772
6773
6774
6776
6778
6779
6780
6783
6785
6787
6787
6788
6790
6792
6792
6792
6794
6794
6794
6794
6794
6796
6796
6796
6797
6798
6799
6800
6801
6801
6802
6803
6804
6805
6805
6807
6807
6808
6809
6811
6811
6811
6812
6812
6812
6813
6814
6815
6816
6817
6817
6817
6818
6818
6818
6819
6819
6819
6819
6820
6822
6822
6823
6823
6825
6827
6828
6831
6832
6833
6834
6839
6839
6839
6840
6840
6840
6841
6841
6841
6842
6843
6843
6844
6844
6845
6845
6847
6849
6849
6850
6851
6854
6856
6856
6857
6858
6861
6862
6862
6862
6862
6863
6863
6863
6863
6864
6864
6865
6867
6870
6870
6873
6873
6881
6883
6884
6884
6885
6885
6886
6888
6889
6889
6893
6893
6894
6895
6897
6898
6899
6899
6899
6900
6902
6904
6904
6905
6906
6906
6906
6908
6909
6910
6910
6911
6912
6912
6913
6913
6916
6917
6922
6922
6924
6926
6926
6927
6927
6928
6929
6929
6931
6931
6931
6935
6938
6939
6940
6942
6943
6946
6947
6947
6948
6949
6949
6950
6951
6953
6954
6956
6958
6958
6960
6960
6961
6961
6962
6963
6964
6965
6966
6967
6970
6971
6972
6972
6974
6975
6981
6981
6981
6988
6989
6990
6991
6992
6995
6995
6997
6999
6999
7001
7004
7005
7006
7007
7007
7008
7008
7008
7009
7010
7010
7013
7015
7015
7016
7019
7020
7021
7023
7023
7024
7025
7025
7025
7026
7026
7026
7028
7029
7029
7029
7031
7031
7032
7032
7033
7034
7035
7035
7035
7037
7039
7039
7039
7039
7040
7041
7041
7043
7044
7044
7045
7045
7047
7049
7050
7050
7051
7051
7053
7054
7057
7058
7060
7062
7064
7064
7064
7065
7068
7069
7069
7069
7069
7070
7070
7073
7075
7076
7079
7080
7081
7082
7082
7084
7084
7085
7087
7087
7088
7088
7089
7091
7091
7092
7092
7094
7095
7095
7096
7097
7098
7099
7100
7101
7102
7104
7105
7105
7105
7106
7106
7106
7107
7108
7111
7111
7112
7112
7113
7113
7114
7114
7116
7116
7117
7118
7120
7123
7124
7125
7128
7128
7131
7133
7135
7135
7136
7138
7139
7139
7142
7144
7144
7145
7148
7149
7151
7151
7151
7151
7154
7158
7159
7160
7161
7162
7162
7164
7165
7168
7168
7169
7170
7170
7174
7175
7176
7177
7178
7179
7182
7183
7183
7184
7184
7184
7187
7188
7189
7190
7190
7190
7190
7194
7194
7196
7198
7199
7199
7200
7201
7202
7203
7204
7204
7207
7207
7207
7208
7209
7209
7210
7211
7216
7216
7216
7216
7217
7221
7222
7222
7223
7224
7225
7225
7226
7226
7226
7229
7229
7229
7231
7232
7232
7233
7233
7234
7236
7237
7237
7237
7237
7238
7242
7242
7242
7242
7246
7249
7250
7251
7251
7252
7252
7255
7257
7259
7261
7261
7262
7262
7264
7265
7265
7268
7269
7271
7272
7276
7276
7278
7278
7279
7279
7279
7282
7282
7282
7284
7285
7287
7289
7291
7294
7294
7294
7295
7296
7297
7297
7297
7298
7298
7300
7302
7303
7304
7310
7311
7311
7312
7312
7313
7313
7315
7315
7315
7316
7316
7317
7318
7318
7319
7321
7322
7324
7324
7327
7327
7327
7330
7330
7335
7337
7337
7338
7339
7339
7343
7344
7346
7346
7347
7347
7349
7350
7351
7352
7353
7357
7357
7357
7358
7358
7359
7360
7361
7362
7363
7363
7364
7364
7365
7365
7365
7365
7367
7368
7369
7371
7372
7372
7372
7373
7376
7377
7377
7377
7377
7378
7378
7379
7379
7381
7381
7384
7385
7389
7389
7391
7393
7393
7394
7395
7395
7396
7396
7398
7399
7399
7400
7400
7400
7401
7401
7402
7403
7403
7403
7404
7405
7406
7406
7410
7410
7411
7412
7414
7415
7417
7421
7421
7422
7427
7428
7428
7430
7432
7432
7434
7434
7436
7437
7437
7438
7441
7442
7442
7443
7444
7444
7445
7445
7445
7448
7450
7450
7451
7452
7453
7453
7453
7454
7454
7455
7458
7458
7459
7459
7460
7460
7463
7463
7464
7465
7465
7467
7468
7470
7471
7471
7471
7471
7472
7473
7474
7474
7476
7476
7476
7477
7478
7479
7479
7482
7482
7482
7484
7488
7488
7488
7489
7490
7491
7491
7492
7494
7497
7497
7498
7499
7501
7501
7502
7503
7503
7504
7505
7506
7506
7507
7507
7508
7513
7513
7514
7514
7514
7515
7518
7518
7518
7520
7522
7523
7523
7526
7527
7528
7529
7529
7531
7531
7531
7533
7535
7537
7537
7538
7538
7539
7542
7544
7546
7551
7552
7552
7553
7554
7555
7555
7555
7556
7556
7556
7557
7559
7561
7563
7565
7565
7566
7566
7570
7571
7571
7571
7572
7574
7575
7577
7579
7579
7581
7581
7583
7583
7584
7585
7586
7586
7586
7587
7589
7589
7594
7594
7595
7596
7597
7598
7598
7598
7598
7599
7601
7603
7605
7606
7607
7607
7608
7612
7614
7616
7619
7621
7623
7624
7624
7625
7627
7628
7629
7631
7631
7632
7634
7634
7634
7634
7634
7635
7638
7642
7642
7642
7643
7643
7644
7644
7644
7645
7646
7647
7647
7648
7650
7650
7651
7654
7655
7655
7658
7659
7659
7660
7660
7660
7661
7663
7663
7664
7665
7667
7667
7669
7670
7671
7674
7676
7678
7678
7678
7679
7679
7680
7681
7681
7682
7683
7684
7685
7685
7685
7688
7689
7689
7689
7690
7690
7697
7697
7698
7698
7699
7700
7700
7700
7701
7702
7703
7705
7706
7708
7708
7708
7709
7712
7713
7713
7714
7714
7714
7714
7715
7715
7717
7717
7717
7718
7718
7719
7722
7722
7723
7723
7724
7724
7726
7727
7727
7728
7729
7729
7730
7732
7736
7737
7737
7738
7741
7742
7742
7745
7746
7746
7747
7752
7753
7754
7755
7757
7757
7758
7758
7758
7760
7760
7761
7762
7762
7763
7763
7763
7763
7766
7767
7767
7772
7773
7775
7776
7777
7778
7779
7779
7780
7783
7785
7786
7786
7788
7789
7789
7791
7791
7793
7794
7795
7795
7796
7797
7799
7800
7800
7801
7801
7801
7804
7804
7805
7806
7807
7807
7808
7810
7812
7813
7814
7814
7814
7815
7817
7819
7819
7820
7820
7820
7821
7821
7822
7823
7824
7825
7825
7827
7827
7832
7832
7833
7833
7833
7834
7835
7835
7836
7837
7837
7837
7838
7840
7841
7843
7848
7849
7850
7850
7851
7851
7852
7853
7855
7856
7857
7858
7860
7861
7862
7862
7862
7862
7864
7865
7867
7868
7869
7869
7870
7876
7877
7877
7877
7877
7878
7878
7879
7881
7881
7881
7882
7882
7883
7884
7884
7884
7885
7886
7886
7886
7887
7889
7890
7894
7895
7896
7898
7902
7903
7905
7905
7909
7910
7910
7913
7913
7916
7916
7918
7918
7922
7922
7923
7923
7926
7928
7929
7929
7930
7930
7934
7934
7935
7935
7938
7938
7938
7938
7939
7939
7941
7943
7944
7944
7946
7946
7947
7948
7948
7949
7950
7950
7952
7952
7952
7953
7953
7954
7956
7957
7960
7963
7963
7964
7964
7965
7968
7968
7970
7971
7973
7974
7976
7976
7976
7977
7978
7982
7983
7985
7985
7986
7986
7987
7987
7990
7990
7992
7992
7993
7993
7994
7995
7999
8000
8000
8000
8001
8001
8001
8002
8003
8006
8006
8007
8008
8008
8009
8010
8011
8014
8016
8016
8017
8019
8019
8019
8020
8021
8021
8022
8026
8027
8027
8027
8027
8029
8035
8036
8036
8037
8037
8038
8039
8042
8043
8044
8045
8046
8046
8046
8047
8047
8048
8049
8049
8051
8051
8053
8053
8053
8054
8056
8057
8057
8058
8059
8060
8060
8063
8063
8064
8064
8065
8065
8066
8066
8066
8069
8069
8069
8069
8071
8075
8076
8076
8076
8076
8077
8081
8083
8084
8087
8087
8087
8088
8089
8091
8091
8092
8093
8093
8093
8094
8094
8095
8096
8099
8100
8102
8102
8103
8105
8106
8108
8109
8110
8111
8112
8112
8113
8113
8114
8114
8114
8116
8119
8119
8121
8121
8121
8124
8124
8125
8125
8126
8127
8127
8128
8130
8130
8131
8131
8131
8132
8133
8135
8135
8138
8139
8139
8140
8141
8141
8142
8142
8142
8143
8143
8144
8146
8148
8149
8150
8151
8152
8154
8154
8155
8158
8159
8159
8159
8160
8161
8161
8162
8162
8163
8163
8165
8167
8168
8168
8168
8169
8172
8172
8175
8177
8177
8179
8180
8180
8185
8185
8187
8187
8189
8192
8193
8193
8194
8196
8199
8200
8200
8200
8201
8201
8202
8204
8206
8208
8212
8214
8214
8215
8216
8216
8218
8218
8219
8219
8219
8221
8222
8222
8224
8224
8224
8224
8228
8229
8231
8232
8232
8233
8233
8235
8240
8241
8243
8243
8244
8246
8247
8248
8249
8251
8252
8253
8253
8254
8255
8256
8260
8260
8261
8261
8262
8262
8270
8270
8270
8272
8272
8272
8272
8273
8274
8276
8278
8278
8279
8280
8281
8281
8282
8283
8283
8284
8284
8284
8285
8286
8287
8290
8290
8291
8292
8293
8293
8295
8295
8295
8295
8296
8298
8301
8301
8301
8302
8303
8305
8305
8306
8308
8308
8308
8308
8310
8310
8311
8313
8315
8317
8319
8320
8321
8321
8322
8324
8324
8325
8326
8326
8327
8329
8329
8332
8334
8335
8335
8335
8336
8337
8339
8339
8340
8340
8341
8341
8343
8343
8344
8345
8346
8346
8346
8347
8348
8348
8352
8354
8355
8355
8355
8355
8355
8356
8358
8358
8360
8361
8362
8364
8364
8365
8366
8367
8370
8372
8372
8373
8374
8376
8377
8377
8379
8380
8380
8382
8382
8383
8384
8385
8387
8387
8387
8391
8392
8392
8394
8395
8396
8396
8398
8401
8401
8402
8402
8403
8404
8405
8406
8407
8408
8408
8411
8414
8416
8416
8417
8418
8420
8420
8420
8422
8423
8424
8426
8428
8428
8431
8433
8434
8434
8434
8435
8437
8438
8440
8440
8440
8440
8441
8441
8443
8443
8444
8445
8446
8446
8447
8447
8448
8449
8450
8451
8454
8455
8456
8457
8457
8457
8458
8458
8458
8459
8460
8461
8463
8463
8465
8467
8470
8471
8472
8473
8475
8476
8476
8476
8477
8477
8478
8478
8479
8479
8479
8481
8481
8482
8486
8486
8488
8488
8488
8489
8489
8491
8491
8492
8492
8493
8493
8495
8496
8497
8498
8498
8499
8500
8501
8501
8503
8503
8503
8506
8507
8507
8508
8510
8511
8512
8514
8515
8517
8517
8518
8518
8518
8519
8521
8521
8521
8521
8524
8525
8530
8530
8533
8533
8533
8534
8535
8535
8537
8537
8537
8538
8538
8539
8540
8540
8540
8543
8544
8544
8545
8546
8548
8550
8551
8555
8560
8561
8561
8561
8562
8563
8564
8564
8566
8566
8567
8568
8568
8569
8569
8571
8571
8572
8572
8574
8575
8576
8576
8576
8576
8577
8578
8579
8581
8583
8585
8586
8587
8587
8587
8590
8590
8591
8594
8596
8597
8600
8600
8601
8603
8603
8604
8604
8604
8605
8605
8606
8607
8609
8612
8614
8614
8616
8618
8619
8620
8621
8622
8623
8624
8624
8625
8625
8626
8627
8627
8628
8629
8630
8630
8630
8631
8631
8632
8632
8633
8634
8634
8635
8636
8638
8639
8639
8639
8640
8641
8642
8643
8643
8644
8646
8647
8647
8647
8649
8649
8651
8651
8651
8652
8653
8654
8654
8658
8659
8659
8659
8660
8660
8661
8661
8661
8661
8662
8663
8664
8664
8665
8667
8669
8669
8670
8671
8671
8675
8676
8681
8681
8681
8682
8684
8684
8684
8684
8684
8685
8686
8686
8688
8688
8689
8689
8689
8690
8692
8694
8695
8695
8696
8697
8697
8701
8701
8702
8703
8704
8705
8706
8707
8707
8707
8711
8712
8713
8714
8717
8717
8718
8722
8722
8725
8725
8727
8727
8729
8731
8731
8731
8731
8732
8733
8734
8734
8735
8735
8737
8739
8739
8742
8743
8744
8744
8744
8745
8745
8745
8746
8747
8748
8748
8752
8752
8754
8754
8755
8755
8756
8760
8761
8761
8762
8763
8764
8764
8765
8767
8768
8769
8769
8773
8774
8775
8775
8776
8777
8777
8778
8780
8781
8782
8782
8784
8787
8788
8789
8790
8791
8792
8792
8795
8796
8796
8798
8799
8799
8799
8799
8801
8801
8803
8804
8804
8804
8805
8806
8806
8807
8807
8808
8808
8808
8808
8809
8809
8809
8811
8812
8813
8814
8816
8817
8818
8818
8818
8820
8821
8821
8822
8822
8823
8824
8825
8827
8828
8828
8829
8829
8830
8831
8831
8832
8832
8836
8836
8836
8837
8837
8838
8838
8838
8840
8842
8843
8843
8845
8845
8845
8846
8847
8850
8851
8852
8853
8853
8854
8855
8855
8857
8857
8858
8858
8861
8862
8863
8866
8866
8867
8868
8870
8870
8871
8872
8874
8876
8878
8878
8879
8879
8881
8881
8882
8886
8886
8887
8888
8888
8889
8890
8891
8891
8894
8894
8895
8899
8900
8900
8901
8901
8902
8902
8902
8903
8904
8906
8906
8906
8906
8907
8907
8907
8908
8908
8913
8915
8915
8915
8916
8916
8917
8918
8918
8918
8919
8920
8921
8921
8922
8923
8924
8926
8926
8927
8927
8931
8932
8934
8935
8938
8938
8938
8938
8940
8941
8942
8942
8942
8942
8943
8944
8945
8945
8947
8947
8949
8949
8950
8950
8952
8953
8955
8956
8957
8957
8958
8959
8959
8960
8960
8962
8962
8962
8963
8964
8965
8965
8965
8967
8968
8969
8969
8970
8971
8971
8972
8973
8973
8974
8974
8976
8976
8976
8977
8978
8978
8981
8981
8981
8983
8987
8987
8988
8989
8989
8989
8990
8991
8993
8994
8995
8995
8996
9000
9001
9001
9002
9002
9002
9004
9004
9005
9006
9011
9013
9014
9015
9017
9017
9017
9017
9018
9018
9019
9020
9021
9022
9025
9026
9026
9026
9027
9027
9029
9034
9035
9036
9036
9037
9037
9039
9039
9041
9041
9042
9042
9044
9044
9047
9048
9048
9050
9051
9051
9052
9054
9055
9056
9061
9061
9063
9064
9064
9065
9065
9066
9069
9073
9074
9076
9076
9077
9079
9084
9087
9087
9090
9090
9090
9092
9092
9093
9096
9096
9097
9097
9099
9099
9100
9101
9102
9102
9102
9104
9104
9105
9106
9108
9112
9114
9115
9115
9115
9116
9117
9119
9119
9119
9120
9122
9123
9124
9124
9125
9128
9129
9136
9136
9137
9138
9140
9142
9142
9142
9142
9144
9145
9147
9148
9152
9152
9152
9152
9153
9153
9154
9154
9155
9155
9160
9160
9162
9162
9163
9163
9164
9165
9165
9165
9166
9166
9167
9167
9168
9168
9170
9171
9173
9173
9173
9173
9174
9177
9177
9177
9179
9179
9180
9180
9184
9184
9184
9185
9187
9189
9189
9189
9189
9190
9190
9191
9192
9192
9192
9196
9197
9198
9199
9200
9201
9202
9203
9205
9206
9206
9207
9208
9208
9209
9211
9211
9211
9212
9213
9213
9215
9215
9215
9217
9219
9219
9220
9221
9225
9225
9226
9226
9228
9228
9235
9236
9236
9236
9237
9238
9243
9245
9245
9245
9245
9246
9247
9249
9251
9252
9252
9253
9255
9255
9256
9258
9259
9259
9261
9263
9265
9265
9266
9271
9273
9274
9275
9276
9278
9279
9280
9280
9280
9283
9283
9286
9287
9287
9291
9292
9292
9293
9293
9293
9294
9295
9295
9296
9298
9298
9302
9303
9304
9305
9305
9305
9306
9306
9307
9307
9308
9309
9310
9310
9310
9312
9313
9315
9316
9316
9317
9317
9322
9323
9325
9325
9326
9327
9327
9330
9330
9332
9333
9333
9334
9335
9335
9337
9337
9337
9337
9338
9338
9340
9343
9343
9344
9344
9344
9346
9346
9347
9348
9348
9350
9350
9351
9351
9352
9352
9353
9353
9353
9354
9357
9358
9358
9358
9359
9360
9360
9361
9362
9364
9364
9365
9365
9366
9367
9368
9369
9371
9372
9372
9373
9375
9376
9377
9379
9382
9383
9383
9386
9387
9388
9390
9391
9392
9392
9393
9396
9397
9397
9397
9397
9399
9400
9401
9402
9405
9407
9408
9409
9413
9414
9414
9418
9419
9419
9420
9422
9423
9424
9424
9425
9427
9429
9429
9429
9430
9431
9431
9432
9432
9432
9433
9433
9436
9437
9441
9441
9443
9443
9444
9447
9448
9449
9449
9450
9450
9450
9452
9454
9454
9456
9456
9457
9457
9458
9460
9461
9462
9462
9463
9464
9465
9465
9466
9468
9470
9472
9473
9473
9473
9473
9473
9475
9476
9476
9477
9477
9480
9480
9480
9481
9482
9482
9484
9486
9486
9487
9487
9488
9489
9490
9491
9492
9493
9493
9494
9494
9496
9497
9497
9497
9498
9499
9500
9500
9502
9504
9507
9507
9507
9508
9508
9509
9509
9510
9512
9514
9514
9516
9517
9518
9518
9518
9519
9519
9519
9521
9522
9523
9523
9523
9523
9526
9527
9527
9531
9532
9532
9533
9534
9535
9537
9541
9542
9543
9548
9548
9549
9549
9551
9551
9552
9552
9553
9554
9555
9556
9557
9557
9557
9557
9558
9559
9559
9560
9562
9562
9563
9565
9565
9565
9566
9566
9566
9567
9568
9570
9571
9571
9571
9573
9573
9574
9575
9575
9577
9577
9580
9580
9580
9581
9582
9586
9587
9587
9588
9588
9588
9588
9592
9593
9598
9599
9599
9599
9600
9600
9601
9601
9603
9605
9605
9605
9607
9609
9609
9611
9613
9614
9615
9616
9617
9617
9619
9619
9622
9622
9623
9625
9625
9627
9628
9628
9629
9629
9629
9630
9631
9633
9634
9634
9634
9634
9634
9635
9636
9637
9637
9637
9638
9638
9640
9642
9642
9643
9644
9645
9646
9647
9647
9647
9648
9650
9650
9651
9651
9651
9651
9653
9653
9654
9655
9656
9659
9659
9660
9660
9660
9661
9661
9662
9664
9665
9667
9669
9669
9670
9671
9673
9673
9674
9675
9675
9676
9677
9678
9680
9682
9683
9685
9686
9687
9687
9688
9689
9690
9690
9690
9690
9691
9691
9691
9691
9693
9696
9696
9698
9699
9699
9700
9700
9701
9702
9704
9704
9704
9706
9706
9707
9707
9709
9712
9712
9712
9714
9714
9715
9717
9722
9723
9728
9730
9730
9731
9732
9732
9732
9733
9734
9735
9736
9737
9737
9737
9737
9738
9739
9740
9742
9742
9745
9746
9749
9749
9750
9751
9752
9752
9753
9753
9754
9755
9755
9756
9756
9757
9758
9760
9761
9763
9764
9764
9769
9770
9770
9770
9770
9770
9771
9773
9774
9776
9776
9777
9778
9779
9779
9780
9782
9783
9784
9784
9785
9785
9785
9785
9786
9788
9790
9791
9791
9791
9795
9795
9800
9800
9801
9801
9801
9801
9803
9803
9806
9806
9806
9807
9809
9810
9811
9813
9814
9816
9818
9818
9820
9820
9821
9821
9822
9822
9823
9823
9824
9826
9827
9830
9830
9831
9832
9832
9833
9833
9833
9834
9834
9836
9839
9840
9840
9841
9843
9845
9847
9849
9850
9850
9851
9852
9853
9854
9854
9855
9856
9856
9856
9857
9857
9857
9859
9859
9859
9861
9864
9865
9867
9868
9870
9873
9875
9876
9877
9877
9878
9879
9880
9883
9883
9883
9884
9884
9884
9885
9891
9891
9893
9893
9894
9896
9897
9898
9898
9898
9901
9903
9904
9904
9904
9906
9909
9910
9910
9911
9913
9917
9919
9920
9921
9922
9923
9923
9926
9930
9932
9932
9932
9935
9938
9938
9939
9940
9941
9941
9941
9943
9943
9944
9944
9944
9945
9945
9946
9946
9946
9947
9947
9948
9948
9949
9950
9951
9952
9952
9955
9956
9956
9956
9957
9957
9958
9959
9960
9960
9962
9963
9964
9965
9966
9967
9970
9971
9972
9977
9978
9978
9980
9982
9985
9986
9986
9987
9987
9989
9989
9989
9990
9990
9990
9992
9994
9995
9996
9996
9998
9998
