8661
590
6660
8347
4450
2125
3279
651
7051
7850
7091
1441
3804
4623
7041
8977
1507
5624
6679
4356
6376
2611
5417
7833
7642
8180
5959
8092
3592
101
2139
7683
3352
4875
8449
3061
743
5940
2995
5254
7934
1292
1280
6654
7885
5326
8857
1687
6551
2343
776
7445
3769
1783
8828
1360
8600
33
5109
6380
1174
9778
4057
7946
6705
2398
1985
3143
1432
1413
8276
3218
635
6469
9245
3179
190
8121
1755
1943
8201
3808
8965
9344
63
8808
4312
7513
7497
7864
9966
2480
351
893
4893
252
5394
716
265
5845
825
7159
8087
7634
3061
3387
7183
2254
8131
6757
6300
7684
5070
9044
2484
9850
6815
1978
8047
1450
5970
8861
2614
1466
6182
2026
137
8701
6992
9849
6284
8339
7421
8731
223
7467
7858
8448
3321
1833
6753
3541
9920
6483
1867
7114
3208
725
4124
578
4582
3780
7479
5363
4463
8224
3151
3246
5330
8450
6176
5096
5934
6485
4216
2471
673
3089
8533
4793
4831
1746
9179
1565
427
9943
1394
7477
6725
1607
5610
7939
2512
1918
6796
3184
2734
7396
3519
8795
6235
4655
2500
4063
4067
1439
2926
2286
6417
9831
529
6889
5749
6603
7318
2497
7552
4533
664
9256
8543
9938
3502
1057
5458
8713
6421
9814
1816
4716
8346
1928
1721
4167
369
4432
2591
3909
2628
8500
6322
689
5676
8630
4463
1002
8853
5670
8916
5008
369
3800
3243
7708
3771
4944
976
6444
1750
1386
4032
5051
5154
2630
3744
8974
9755
3248
9847
6939
8670
3166
6425
9877
7112
5554
5041
4114
2604
8959
363
6029
5761
7081
6763
4919
438
8133
2189
5385
3987
8447
3402
9124
3677
8187
2611
7801
5462
1411
4846
2005
5183
9326
5066
7284
9354
578
8944
8455
6656
3664
7080
3791
4412
8094
2581
3641
50
1027
3710
8676
5456
619
7994
1549
9055
5001
3943
1340
7013
5212
1719
8103
443
4042
2408
6500
8838
3034
1519
9932
260
5902
976
3019
3621
1693
892
5012
1556
3646
6631
4482
4544
1008
9732
5641
2427
2311
9152
7402
4510
7552
1048
2261
3255
8886
4408
7385
5952
4733
8881
6535
269
7276
6950
3029
242
8232
3700
2238
4590
5275
507
6198
8457
6675
3741
9548
3317
1622
4785
7944
515
787
324
7763
3942
7029
7518
438
9436
9473
7820
1947
2286
3006
8127
5632
21
484
9137
6794
455
3500
4415
5493
7357
3448
1495
4697
4002
9932
5519
5065
618
201
6832
6373
828
8747
5949
3840
3086
4024
5956
1452
9180
1224
9167
3872
6660
68
743
9419
560
3399
5943
1635
3745
4082
4456
7318
5797
5020
478
7938
2725
9926
3310
2864
1454
8796
2506
3226
3066
8919
7755
61
3241
543
3002
5306
3217
4670
4347
9047
4864
2336
8310
7043
3097
1590
4211
8630
2611
9114
1313
1542
6922
8669
3204
3542
8335
9628
4681
3193
7523
4369
6214
4692
300
8918
6595
3410
9457
3140
1535
5569
5880
3274
7313
2089
6089
6040
2156
1757
1951
7211
1981
6202
6763
3299
9764
7084
4868
1072
7837
8832
8575
1516
8634
6804
3958
657
1071
2587
728
1259
8969
7709
9166
872
8971
9770
9509
8284
2983
15
7789
4834
9206
8113
6541
4940
8260
3959
9424
2891
4731
3588
6720
5978
8874
5441
7069
1077
4385
7785
5482
6327
8876
398
4789
6913
1722
314
4033
3510
5944
2048
1698
9507
175
3376
8228
1164
4743
2617
7832
3122
6582
5256
2907
6736
4650
9791
3461
7669
4846
3938
3387
2412
4444
6186
7026
5110
3776
4028
5281
4425
740
7268
6785
2482
3629
2075
7092
9751
753
4279
4863
7399
4132
1953
3157
7442
494
2146
2305
9605
4474
1895
319
1725
5453
6148
2344
5949
433
3141
1865
6155
3070
8143
847
3364
4532
4100
3345
8544
3639
4614
3289
6768
9303
6227
3536
8340
1978
9566
8149
1177
8488
9599
298
1119
692
368
2092
3737
5746
4584
1996
8878
7513
1157
2319
4988
6727
4082
6110
7820
3627
6584
4651
128
5091
7377
9457
745
194
3111
70
7094
2062
5275
5120
4838
6019
4274
2401
2734
3191
5418
5328
7718
4539
9898
8965
9310
9995
7111
721
511
291
2083
1112
5164
6061
7327
9100
7542
5739
4833
7
4543
6845
4930
4708
3206
1920
9006
3387
1857
2452
8254
8887
8489
4152
7762
438
5439
7923
1815
3740
4940
7522
1081
4692
8503
4233
114
1845
6239
8360
8001
5756
3464
8284
9029
4220
7571
3182
5880
1103
1285
748
7561
8119
9737
3410
2785
8037
1378
8293
8824
2261
1897
9660
3216
164
8821
299
3166
9200
1688
7869
8473
4906
6165
1885
5499
1738
2128
641
6772
3248
9278
276
5022
8498
4428
7070
1276
3751
619
2514
9147
9982
9496
1669
4186
5324
6474
6454
9494
3440
3125
4494
5790
725
5403
2980
7190
1091
5650
9645
1174
1282
5617
4655
6722
5773
5091
1281
3445
6623
3390
6641
3494
2156
9806
5873
8109
462
7963
1855
4383
2267
1001
1311
6356
9935
6141
1799
1194
7836
6445
710
8354
7242
6064
3378
200
5964
1317
1086
5137
5569
4512
5892
685
4612
4079
4628
3051
625
5034
7929
4748
1299
5305
1524
7151
559
367
2024
3580
4135
8036
1233
781
5068
7105
1617
9813
339
8949
3001
5332
6818
2388
9120
9571
4216
9742
3075
506
8006
7678
5369
3938
5294
6377
4306
3428
2582
8422
4667
3135
329
5501
6817
7929
2170
6296
7088
1021
5558
3510
9510
5843
4149
5422
9369
7357
4493
6129
6065
5469
659
8232
6387
4740
4366
6396
9947
9637
6938
9605
6374
5128
4454
1578
9
7019
8219
55
4162
147
2441
3325
7689
4336
5647
8627
8962
1550
1734
9946
1650
5864
1467
3854
538
4999
9064
3368
8165
7047
3534
1184
2091
2315
5057
9664
4879
4951
9568
8148
6796
8731
4495
638
7990
2128
4067
3190
1632
8187
4377
5966
4842
1630
8019
3747
9460
6030
3152
9295
2067
2831
1367
6684
4878
7723
768
4947
7367
4337
1855
882
7761
7690
1422
7020
5266
1656
1957
9883
2694
983
2057
4752
8189
453
6142
4747
9634
2702
6058
6390
681
1247
3096
2571
1973
1036
5990
6886
9587
3694
5532
3126
6822
8900
3192
2061
9136
5194
394
3542
7337
7703
2393
3718
9791
6800
4593
4379
5019
9962
9514
8417
1739
5357
3462
6931
2450
7700
9830
4303
1672
8768
5913
9154
8735
1180
9235
8355
8355
8540
1526
8684
8717
2862
1103
3458
3541
1251
6927
1446
2289
3863
5620
883
3022
4603
7700
2888
6681
676
86
176
4859
1804
6989
7964
1135
8983
6305
6003
7233
4304
4731
9840
7685
3185
9021
9177
3281
1250
8172
8560
1353
7016
2748
2850
3957
4559
1910
5900
6448
4114
8696
8926
8591
8295
809
1304
3195
3848
5111
6113
638
3692
8479
3974
8806
3860
9625
1039
9
4977
2333
1261
8486
5970
8278
3808
5779
9963
6257
8517
4953
4946
6849
5164
7800
9779
1459
8392
8631
324
2921
6768
8348
4242
6614
8434
2596
250
4405
5143
9344
7460
2806
4610
2029
5721
5653
8658
3710
8037
9992
2518
7624
7463
6022
3296
5146
2374
7311
3490
5014
62
3979
9509
5168
5240
4931
1929
3923
535
1446
6951
4874
4398
8345
2722
8818
608
9087
459
9577
7791
1200
9588
7282
8534
553
1164
7209
1346
2447
5561
141
4027
5905
2996
6863
4496
9482
1166
5814
4624
96
7217
9884
8229
876
5777
4248
6123
7990
4801
7400
8799
9308
4785
1035
8370
8863
1845
921
7773
26
3490
3760
6526
1199
1777
6316
5504
4224
5798
241
6697
7895
6730
3064
4605
1555
788
1060
6031
6479
7606
9296
424
9488
3011
3303
8544
7963
8671
5839
9353
9265
1631
1890
6540
2025
2112
3755
7723
9448
9027
4442
5909
6303
3557
980
9352
4336
2669
1882
528
2478
7135
9875
9565
8065
3806
8809
6244
9443
8270
301
4380
7210
2678
2728
9800
914
1140
6256
2900
8743
4891
5027
9785
9627
8152
8851
5723
4842
7315
9549
8769
7432
3072
1911
6292
1698
9140
2646
5904
4154
8725
9785
6089
473
3563
6214
55
4880
3106
7663
2513
5791
2833
3985
5768
9105
9205
9160
3194
3202
2007
242
4199
6431
8044
8607
1504
8392
2251
6529
3435
7428
5753
9142
7459
1617
5152
5055
9325
6261
6222
9677
2181
9575
7194
1655
2758
7476
6417
3050
3721
6798
7151
7229
725
8135
7993
3487
597
390
2166
9552
8631
2996
6702
681
4640
8358
6747
4952
1805
9687
4700
3228
9092
9665
5881
6058
8921
6823
4016
8586
5900
4962
750
2705
5216
7814
5913
9723
5767
5505
218
9588
6664
271
7160
5188
8931
2941
5183
2629
4059
5896
3312
1154
1810
6961
6530
6494
2306
8799
4838
2893
3063
7473
5016
2259
1787
8287
9041
1543
7705
3723
8601
148
9523
1146
3498
6092
1983
6905
5216
2937
3452
2493
7117
7506
3090
4651
9273
8902
3160
8113
1510
1848
1855
3007
4913
7303
651
3174
1989
6840
4177
5083
4569
9634
1116
1911
1674
3862
9562
8734
1811
4025
3684
618
1832
5328
1434
6372
8755
215
9852
3807
5493
4701
4870
9617
7886
6480
3219
4398
744
2928
8114
7410
3966
4291
9494
9419
4794
1653
7575
2561
8987
2265
454
4083
309
9312
7533
944
8162
4212
1221
7454
5927
8978
7297
6106
2818
1523
6360
3757
5327
7029
2464
7910
266
8154
1926
4938
9518
1325
314
5030
9884
9836
5174
3484
5192
8806
5679
785
8045
1091
9701
6434
2688
170
453
6254
1938
9251
205
5093
3182
6250
1855
5691
1331
1964
7087
3192
6764
3282
1911
3215
9611
7607
5977
73
7556
6519
4788
5838
8901
1238
7216
4127
2899
3722
8372
7714
7488
8021
9575
667
6889
7827
3715
6244
1532
1101
5509
8281
2183
1272
5409
3538
2010
7837
5011
7310
2670
8518
1552
3992
5856
4481
6459
5193
7190
8036
355
4570
5810
445
7194
1651
4244
629
2688
9573
2537
2353
1742
1009
8114
7491
2350
6195
2992
8660
5735
3934
922
2630
2263
3381
7105
5434
6682
9523
4683
7069
3863
7272
1723
4895
521
6465
1842
3266
4378
4867
415
1595
2875
1331
7202
5224
913
4229
8590
5550
9338
4847
2092
6381
2301
6585
796
9714
5008
9523
1511
9482
658
4483
5728
4350
4024
537
3736
5359
9685
4225
8561
3007
675
6805
2074
6378
5390
1772
8649
4575
2783
8915
3976
1439
647
1286
2982
2624
3889
4300
4413
2654
6010
2284
3268
4031
9532
8495
3594
7169
358
3875
8019
19
6423
7913
2912
7501
8809
7869
3478
9116
3403
8112
705
4894
2055
1907
6706
9638
1506
6113
3267
2573
193
713
587
9893
4857
7655
6524
5083
3247
1742
8906
9801
5726
341
4854
6101
2422
283
6121
4585
4178
4648
1772
2591
8722
3217
4868
3945
71
1159
5051
7515
5885
5901
7113
5094
3202
1365
7922
1953
6725
3318
3000
3014
4138
5883
1409
3686
1865
4075
1252
9450
6374
8496
6157
919
1500
4806
3408
2029
9779
3427
1338
8540
7729
7645
9843
6371
1660
4460
8463
4919
1212
3069
9203
5213
1119
4896
4053
4516
3831
6512
5101
2370
3950
6428
2696
9017
9785
5766
5435
2773
9850
7479
4516
9317
3328
8124
6139
5699
6970
7634
5176
98
1048
3210
9215
9987
9154
5624
5126
7428
2242
3918
4695
230
2476
5216
960
4857
8942
5764
6616
22
498
8904
4700
5336
7360
7807
5832
8200
9424
7689
5009
1924
7646
8942
4318
6460
374
8583
5159
4312
4815
8634
8262
7689
6180
8112
5674
8907
8285
6212
3403
547
3996
5322
1864
9883
6036
2505
5243
5335
6740
6582
7182
1123
2224
1887
8742
7579
3888
8769
669
1670
7362
615
4831
8576
6811
8192
4347
4499
1323
8762
5097
2641
4799
1665
3114
3857
5759
2206
1594
9763
8775
7294
8978
5698
9827
1872
474
7365
8596
7514
7324
5169
5775
9017
9573
7039
1557
3219
1140
9429
5357
2140
6164
6468
8620
5888
6135
5998
4839
9171
9208
1953
8704
5779
322
8533
8332
550
4063
3406
9669
4870
8168
9037
1163
2197
4700
5817
2789
2783
3148
2374
2645
2651
514
6112
8938
7069
5074
7910
1151
9691
2441
8341
3952
7050
9090
848
1565
7028
4648
3849
7559
7992
8981
9535
9960
6751
4344
8051
4975
4246
69
4185
1753
205
8727
4200
7867
5003
3409
3005
9211
7819
6898
419
3726
4503
3318
1319
3644
8847
6553
9643
5392
3702
3286
8537
8139
378
9454
801
4360
6382
884
5889
6811
837
6422
4449
4323
2061
5734
8616
8734
1814
5478
3486
5356
5262
7793
9294
6603
8746
7702
9383
5233
6098
9904
5793
3913
5674
6673
8327
5812
1001
8525
6036
6145
2040
5458
2446
4935
5736
9238
1898
1662
3504
2713
4570
1694
4306
377
1786
1952
5833
3188
4003
5328
2946
1095
473
1012
9507
7365
4376
7974
6732
5060
5686
5981
1769
4514
708
8458
7905
1269
8902
6078
4958
2991
9069
5705
3545
5280
1854
9165
6065
7365
5009
929
7112
5951
1271
1409
4267
2255
7064
1811
8091
6765
9097
4469
8492
8967
6311
8481
8426
5766
2034
6834
6995
6253
2905
4081
5206
8907
766
4456
2789
4160
3381
9607
3129
2619
2270
6597
3747
2690
877
5694
346
8891
9362
3483
5862
7207
5754
1392
1944
383
3378
8478
9732
9334
6243
9945
1116
2653
4254
9187
4586
3190
3908
5703
569
2945
3587
6674
1857
4818
3961
8476
2381
1955
9734
869
5595
8261
5922
6282
3359
5986
1000
7718
4964
6542
702
6469
8064
2732
9026
9508
9651
7757
1122
1956
8076
1475
1560
7054
5960
7555
9840
864
9944
9609
8008
9397
5101
9365
9571
243
4867
7796
4649
7118
8567
6010
5551
1338
3639
7898
1358
8334
3828
5000
547
2035
7862
6885
2771
3787
8445
9002
1720
2079
1359
7216
3084
3457
7795
6748
7856
1696
9784
7144
906
3866
6754
4332
8346
3884
5315
3388
3367
436
9650
5211
4378
8488
8027
5885
7478
3935
4819
3002
3907
221
3749
3774
5398
1644
8142
2701
7262
2069
642
3924
4078
8958
8697
3211
770
2254
4745
2630
1360
6108
9152
5083
8828
4294
8175
8717
2551
7133
2734
9559
9477
5340
7008
8053
474
9786
3988
6684
5585
7269
2308
8714
1017
3087
5582
6392
3516
3253
8813
2460
9036
8057
7571
8346
8604
1729
8261
5259
3689
6792
5651
9990
4116
563
8402
2810
6349
4334
5384
8382
8540
6565
9252
2895
9919
3071
2519
8489
5548
3972
1299
1649
1009
8639
9998
3054
9408
4702
3443
6360
6192
2630
5669
3225
7138
1444
3169
8625
465
782
8927
7237
5428
7608
788
6679
3988
8643
8760
5985
2277
5152
7791
1050
8467
3970
5270
6251
5801
288
395
4027
8801
7162
185
1318
3283
3507
79
6621
4092
3389
7660
4199
8253
9811
7514
2294
3548
6943
9700
2820
6364
7404
1204
3403
8804
8373
3629
8932
1566
5628
9634
7655
5950
7
2050
7985
1565
9653
417
4
9857
2639
6484
6168
6122
4809
1256
3327
4908
9255
8143
5334
9316
8093
6776
9352
5513
9358
1754
7453
6369
246
125
991
3101
755
1925
1757
418
1278
8283
824
3156
3064
426
9002
5936
6095
2691
3815
9431
9104
3822
4748
7347
5670
7789
3124
9335
9280
6958
6170
3159
9265
5422
1512
1552
3153
4949
3117
8150
209
4305
8270
4793
6092
7474
9715
8355
1272
9519
7010
305
2588
6644
633
43
6556
777
6180
4257
9295
7824
1119
6339
4754
9402
2278
7965
9749
3254
3544
2270
5171
8791
9481
8564
8799
1569
3446
7222
5241
4320
5780
3166
4544
901
1922
7760
9346
7678
6061
2891
3775
4001
7505
1610
6204
1637
5388
663
3267
7389
9343
7886
4599
177
7295
6298
6613
7450
9752
7102
1542
4730
8224
6178
7073
3206
2681
6295
8989
4082
6720
5881
4180
679
8355
5648
7251
2355
9680
4419
1263
7101
6584
4042
6689
211
8754
1486
1106
130
3548
623
8146
1409
2908
4097
3761
4218
4356
4996
4512
7815
5140
1503
3394
8581
4282
6633
589
9879
7316
8243
7389
346
8934
9941
2151
3360
3255
2259
9978
9052
1846
5692
593
8457
3082
3424
1814
326
5606
4731
7664
2802
9291
3889
6813
6736
1576
4488
2891
231
3677
2605
4177
6809
8477
5588
1482
6862
514
2015
5649
4988
6906
4410
4984
1493
8767
8017
7170
1005
8612
8479
1585
8807
2379
4148
1193
9019
8707
4801
1460
5686
9791
595
3375
3549
2146
1370
369
5679
7350
2086
4283
1623
4236
3613
9259
7371
8510
4042
4699
724
145
8949
262
3610
4918
3755
9307
4411
6686
1514
4521
4551
9949
7579
4971
5035
5592
2061
4189
9048
521
3002
716
1760
9841
760
4333
605
4669
7950
4211
9102
177
6240
3428
1070
2016
5434
9653
8194
5950
1397
4193
1663
9037
2088
3897
5302
2803
8814
6997
4766
5789
512
5576
9036
6780
2400
7986
4144
1070
5681
6016
1279
7832
6053
7902
7161
5919
773
4684
2407
6166
2023
398
3875
577
607
3533
6387
4920
1940
5963
9523
3863
6541
8308
5198
978
680
5087
7801
5830
5847
6884
8172
411
7944
2360
9998
5509
8976
9492
4524
5386
9507
5556
1541
1662
9138
5947
1461
7497
2737
291
3340
1626
436
8866
7482
2694
9733
1384
1018
5865
1429
6501
2472
9756
6013
6792
7840
1895
5183
1025
1621
3886
2574
232
2426
6023
422
4471
7200
4268
6794
6546
989
7660
7737
1543
9669
7372
8219
2816
9656
4666
733
1494
1832
7106
8695
4559
9333
4729
2503
4808
3846
2759
44
8733
8774
1154
9696
3013
2489
5701
4594
7499
2106
5631
304
7463
4178
8376
6334
9212
8871
3534
6181
2778
5903
6222
4635
787
9823
4607
2794
3131
2420
24
3696
3784
8685
9921
4467
3929
3651
2294
5598
2803
870
216
5725
6631
8790
8158
4513
7151
8379
4314
8576
2247
9745
8662
8476
4424
1811
8780
4814
9119
467
3253
3615
7501
2419
2713
4467
3704
1555
3493
7490
3310
5447
3595
7956
8521
5220
9683
8233
6398
7207
7343
146
5472
1907
29
7455
2977
5941
9429
5574
1193
7557
530
8093
5087
4891
8414
3860
2596
7004
5925
5506
4383
1456
12
202
1283
6913
8858
1929
6316
7313
7396
4015
3880
6168
7415
4136
3507
8009
3486
7302
8811
5328
7236
1421
9427
7563
2515
8218
4802
8002
1851
8689
9211
1556
5374
1602
5959
4223
1816
9014
5854
9516
1996
4204
1877
9845
3369
890
4658
9219
299
4914
9691
328
94
708
156
1110
3934
9162
5286
5306
457
7044
8533
5545
326
5215
5674
5045
5903
8180
5400
2635
6778
6651
8026
221
7398
5115
5761
1511
4624
4495
5467
2528
3396
8006
926
8431
721
7414
1717
8087
9493
6686
1057
7249
9432
3591
7009
8356
2821
391
3964
6020
4307
9826
7659
244
1170
7948
6036
5321
160
8639
6129
8364
8027
9574
8446
2907
961
6228
369
5054
563
4820
7717
7601
56
1038
927
6867
3709
402
945
9737
6155
7300
9420
3423
4081
84
4640
9580
2880
4696
6543
7553
1718
2217
528
5231
5265
5111
656
4866
5701
2842
6610
2621
5593
9702
1431
691
1660
1673
9689
8159
2085
8965
3233
9617
2520
261
8792
1446
2324
7037
3515
914
6697
8642
9687
893
2567
1091
4692
3767
8561
6435
1663
9337
161
8020
4591
2010
5493
9330
9160
7690
5335
8809
7742
1919
3962
2611
1121
6505
4320
2354
7767
6436
8440
3543
3864
8138
5749
6764
9011
7106
4986
9332
3981
9449
6818
6493
6233
6171
9884
7583
1059
2222
275
9444
7287
8076
7595
3860
2255
5067
2743
6155
4569
4458
8296
7753
806
5626
5168
6695
1311
3478
5493
4065
8563
9041
6304
4884
6363
5659
4997
6965
9630
3807
894
5083
2944
3948
4240
2330
5333
6094
814
3229
5636
3112
860
2191
6054
2321
940
7894
7598
56
8084
6253
5586
1445
3777
525
8600
6733
8821
1431
4220
1057
9771
3024
5805
5972
91
8441
6840
999
6841
9306
9675
8163
2392
5403
9996
9923
5132
6895
706
7835
6621
4253
2593
2632
6184
4268
931
6358
9951
6218
8994
3576
8688
9129
4322
6599
6115
663
6395
3194
8684
4936
7044
1343
6817
3602
4875
8339
2598
8069
5569
3475
2100
3157
7474
3408
8456
6725
546
857
9431
2866
5395
1415
8095
8969
6595
6042
3145
6726
290
3851
1723
426
9266
6734
7226
2424
8167
1943
9004
7724
3982
2005
9739
3208
4233
2111
1286
5677
6328
4730
209
7698
1892
8804
1741
7556
4964
9696
4403
2874
1283
8014
4601
1236
3609
5654
9559
3056
1317
9809
8451
5800
3532
7877
6024
9867
4155
8843
8661
4838
6377
510
370
175
9048
9249
5566
2990
1898
5518
1828
2025
1999
5031
2123
8218
5356
2283
9084
7391
376
5671
3695
509
5905
3365
4382
6530
3260
198
1451
4614
5897
3112
4797
9293
116
6676
9173
6796
5351
6134
9952
7381
7437
5818
5109
4400
4065
5088
9870
5656
9173
219
7843
8000
7584
6139
1761
5248
7999
7285
2634
5968
7403
8060
6967
6207
8843
8879
504
4528
144
2799
3595
242
6478
4314
9035
8635
7643
5353
7184
6720
3568
4882
9476
6723
2636
523
1014
9978
2648
604
343
56
9413
5151
5522
6666
2674
7015
3209
6720
9625
8538
2026
1509
7097
6717
8000
2141
2174
6906
54
9115
4588
9712
3830
7644
4251
8872
3360
5251
4940
5503
4438
850
6634
5861
3812
8850
1404
4704
5341
5631
519
1390
8016
5618
1392
4085
1946
5436
2270
4025
4053
2844
3470
6393
1053
6574
240
4886
4771
7377
3391
9090
9947
6354
8638
3616
7728
2778
2174
8574
7096
6801
3724
3180
9714
8989
3495
9896
4603
4635
943
1223
8831
9209
9353
1841
5117
461
5407
7850
4324
9990
7460
2185
9449
925
6261
4983
155
8775
2619
9365
3645
6410
2765
8394
4578
9145
7315
968
232
2606
7045
1354
7642
9651
1458
5852
2377
3917
7884
8807
2821
3206
7520
3672
7862
2534
259
3707
5607
1148
3064
4473
6770
9790
1711
347
8022
1995
4311
1578
148
8681
3300
9237
2554
7089
4988
9470
918
7123
2331
9553
6909
9830
7654
8130
1572
9376
8636
3922
1482
9039
521
110
3593
7634
4516
3924
8705
5191
4888
7298
2629
385
3792
9005
5297
5317
1387
4571
3192
1137
3584
2621
877
5978
1099
5741
7271
7777
4212
9856
6664
9906
8081
4903
1414
6056
6546
9144
8408
6000
9690
4724
9773
5608
8141
6981
5573
5620
6917
3350
6611
3645
8799
6783
6666
8886
1090
4651
4197
9437
2879
1863
4979
57
4356
5946
4927
8822
219
3180
5038
8091
7344
3636
2337
9508
9039
1922
5930
7681
2876
1733
5675
2234
9228
5433
5081
5357
8128
6561
6064
7142
210
1806
7905
6873
6423
9801
598
3551
9189
499
215
9051
7518
7878
708
8200
7291
1734
2338
6753
2260
3498
2995
6220
8731
4018
2622
3876
3464
8292
8301
897
6863
6502
229
6438
3758
7722
609
7255
2994
8625
2567
6949
8538
7597
76
1768
3731
5672
4867
5256
7250
2106
8208
7767
2736
6811
3051
62
6303
4806
7680
7923
5179
4181
3076
1796
2028
2431
8546
6803
2136
3915
4915
4797
1381
1279
4571
5832
4316
3946
3232
8745
297
1354
2950
7088
287
4506
9174
1200
8168
6460
9821
3887
4570
895
7312
262
7878
6157
9245
6949
5386
3892
2445
8647
9061
6303
70
7021
1962
3760
1501
9017
9822
3724
3849
7881
9372
7506
7586
4110
9096
4874
5703
3545
1617
2503
6079
9601
863
5768
264
6819
1163
7712
3020
4534
3198
6592
561
1465
4258
1822
3087
7116
2084
6629
1580
3080
9803
1912
9859
7628
179
8564
8628
6261
1794
4049
8517
6904
5436
2804
7621
9487
4801
484
353
6223
691
9735
464
4626
3462
8681
5017
645
5904
6473
1460
7312
6673
9327
3182
6541
8748
5309
3830
6343
9554
9170
6388
1745
3728
3317
8585
959
8927
9364
5554
6517
2057
3896
4982
363
2379
8725
6015
9225
6390
5883
8341
1429
1360
2060
7430
2838
1799
2523
3138
5555
9910
3245
2722
1085
5680
4495
488
5766
7976
9859
4370
3709
5267
3256
1944
8632
9686
7412
4805
6140
9497
2545
2227
1995
4877
8626
1567
1242
7465
8945
395
4094
6736
9414
1586
355
2671
3669
5766
201
1234
4853
5493
8075
4086
537
4378
1613
313
9580
1280
3409
2078
9310
8066
5542
6188
1813
8493
1934
5670
5026
5703
2795
4213
914
5288
3573
3906
1533
2086
410
7296
8302
8224
2690
5429
896
928
4686
5290
1457
7075
9533
1000
9557
4501
2250
1794
7050
1797
6742
5889
9491
2056
157
5114
52
3657
7752
3724
9497
7758
8942
6118
835
9302
4039
7701
7232
6062
9615
5691
8214
8066
2548
1275
8428
8561
4524
9473
3460
4602
5221
1391
8921
2691
730
5873
673
9800
2703
3298
4911
7760
1690
3432
1784
7339
6254
8970
4287
3655
9749
6050
7935
3442
1033
9613
9173
5786
3103
8702
6856
2208
6912
1523
4454
955
7238
1088
8204
5241
3359
6087
1233
8576
7745
7338
3120
1955
4202
711
6864
2128
1075
2817
4769
470
3265
1695
3749
756
4423
9822
5545
9532
3483
4002
4351
3462
7715
1274
1434
7889
3852
4976
4436
2836
3303
3488
8063
4851
7377
5040
486
6605
4477
398
8623
306
5263
6520
8401
4818
104
1635
3484
8689
5289
2671
8952
2118
8406
8290
6333
7619
4105
3985
4236
9102
1312
8926
9706
302
1812
1978
6999
9922
3719
5067
2974
1387
6857
5401
2539
5289
6742
9651
7187
5843
5935
2431
9861
8624
4116
3902
8908
5507
9948
9901
3309
4180
5984
8168
4308
296
6458
329
1781
6066
3813
926
6513
1027
9473
7225
40
1725
8773
864
5397
214
8545
3285
458
1496
3632
3296
3736
677
2214
5785
9707
9623
5756
5106
145
854
4741
5760
3205
7058
7819
90
2092
3792
9243
6473
3707
4610
9754
6480
9795
4927
34
2502
763
9074
6126
7278
5192
1870
1950
3448
6186
9950
9350
5392
9142
2986
6121
9795
9932
7670
5790
7746
1268
8069
1708
7504
9450
2876
2248
357
5779
1777
8039
5893
4443
4241
6274
1179
9757
16
5670
9566
8270
6812
292
182
4054
6731
4732
4248
8812
1826
4976
4028
1549
5639
1960
7952
5512
2206
2483
6085
8745
9856
4900
3559
8416
7834
5888
1499
6557
7554
6594
896
8283
7572
6281
2936
3030
5226
3280
4672
3210
5898
6647
1819
4777
8761
851
3917
5881
9213
3487
2739
6904
1617
6060
6512
940
6465
493
4801
6155
9557
6888
1234
1764
1739
3497
9466
537
8221
9577
5617
5578
33
518
7603
8222
127
4880
7804
2400
2877
5952
3730
4084
9142
5652
594
421
922
2539
6099
6748
5263
7754
1127
3503
2613
1048
9280
5795
9271
1165
1375
5167
28
5921
3783
3968
4797
7556
8881
2002
7394
2858
1512
6354
566
4608
9396
1069
9801
8624
6788
4035
8707
7708
7444
8654
5973
1419
3694
9337
3308
1485
1101
7039
4527
9517
6749
4786
3368
4434
2975
5348
5679
881
6440
8629
6818
8659
5400
9017
8305
1455
4776
3893
8805
6948
4876
4422
9393
2820
1721
1535
6960
5104
1328
5389
5470
8924
9112
4536
7939
1519
1114
5176
5482
4874
5958
4161
5696
9810
5539
13
5927
1356
8755
8853
3146
3540
4596
4939
8587
9305
3539
3031
4648
952
5676
3708
2924
9252
2284
8823
1074
1807
3655
6883
4133
2520
645
6843
1666
1345
3224
7565
5647
2523
7369
5495
9333
3824
2016
8594
5336
1965
2689
4311
1207
1786
8995
5490
9647
952
9581
7346
4042
5190
9834
7049
9557
9487
8827
9910
1359
1715
3835
781
5661
6928
6990
3760
9226
6526
6290
9500
6908
3300
440
6355
5570
7082
9788
8241
2601
6108
6015
7453
2510
8391
8214
1486
3693
163
7099
4759
5480
9261
6689
6305
7092
8512
5462
2707
8845
5663
5281
352
8938
2674
6042
3950
1099
5915
4345
9806
7039
1460
6726
3981
8818
8262
4320
9350
8403
648
6713
8049
7491
403
7758
2652
1657
9486
1621
2789
1171
5162
1439
4129
7111
1292
1996
2924
9688
1394
7278
7053
2948
8916
9526
165
9002
4041
7403
9605
8377
7459
4937
7033
6819
9480
6981
2420
2480
5165
9839
4441
5551
1569
3024
8947
407
148
611
1794
7916
3186
1888
6051
8654
8336
6899
9562
1803
9570
5340
718
6532
2950
2271
4114
7884
1249
3755
9468
269
1859
4120
1427
5
5641
2601
8938
9502
7376
1921
979
6972
5377
7987
2722
2191
9565
1169
1615
664
3414
4886
2711
3704
6455
7471
8688
1091
3137
2291
7623
3716
451
5204
3336
5546
1094
2878
7577
6864
5042
6556
7379
1115
6881
7674
5934
6188
5790
4660
6473
5829
1640
3838
2562
5288
1193
3709
8216
315
4749
690
9898
1480
7634
2887
3515
1633
5051
514
1381
5520
8048
3606
7335
8829
8950
5737
125
8761
2631
9377
4395
6726
4157
8551
4549
2313
3376
5373
9405
3432
8889
7179
986
5694
3778
1221
8177
9054
125
5513
1587
1284
5182
6149
5075
758
9013
7317
7650
3321
6668
6138
3465
3632
6169
3238
5826
1215
5200
6947
8499
9343
5369
6419
4857
5290
4809
1635
5405
4885
2783
1417
4437
9310
1326
12
7658
459
7010
882
1616
5345
5105
2420
8248
5846
7903
8398
8830
7918
4493
643
5327
610
5392
7438
6460
9904
9770
5411
739
1227
1463
8243
2032
338
6421
4654
7168
8974
640
4947
5613
3461
410
8707
3099
3741
3108
900
557
7226
5676
2465
1045
4615
3187
4463
1351
5363
8745
2202
3736
5075
5558
6237
7448
9382
3816
4593
5881
9654
9717
3757
395
2089
1500
3548
8310
1911
9340
6972
2435
5446
9136
4322
4232
194
2933
6682
2126
9880
9306
4252
1791
209
6995
3307
4753
1516
1594
1176
7738
7732
9298
1171
2880
1105
4489
6177
5374
8906
6202
1305
5316
7384
28
7400
4204
85
4571
1588
9956
8995
5889
9358
9661
9274
9712
4208
2479
9177
9774
9366
3607
30
46
9050
8446
3408
4455
7031
4263
7113
7139
7183
340
1282
1030
3224
4565
2518
5033
2097
7647
1224
1474
3314
4357
1521
6450
1537
8470
7377
5899
6769
7570
1303
4779
6549
4602
6812
2297
291
9699
9225
2011
4739
6807
7064
8161
7862
328
5896
1058
6180
4962
1643
3010
5437
8444
8042
3452
8465
7930
552
2834
2124
7698
4355
9422
5673
792
1127
5315
7015
8633
1340
5797
1865
8752
4416
7730
6647
7977
5328
5547
2033
4528
639
6435
9236
4245
9833
9636
7877
7566
7201
2264
2523
7144
5863
2042
5977
1324
7685
4649
441
3994
632
4566
1492
1109
508
123
9213
1931
6720
3736
2237
1902
3305
3691
8729
9972
771
2859
545
7528
1698
4050
914
6906
6902
4388
3770
8906
7708
2912
1739
6828
721
9330
6120
6456
273
1890
7757
8290
2030
3853
7100
9857
4125
9197
3570
4189
587
8776
3224
1066
8477
3970
5028
6076
1892
1520
9392
9670
9582
4906
5234
7538
665
7164
4123
5951
9155
4666
3852
7938
1822
9357
4161
2235
4879
9390
7233
4774
7349
8669
9566
6713
9622
6398
3079
4000
4949
7713
62
6787
1216
2317
9619
3617
6134
9401
5998
7068
3686
8870
8476
9504
2754
1068
7825
8385
6083
7952
8348
8096
2645
2575
5416
9001
7667
8185
8046
637
2894
4796
4328
5703
4006
8652
9441
3788
667
9661
5240
2948
1021
477
6963
8976
624
1952
3391
1751
4476
1400
8870
1
2624
3153
2330
1695
4486
8295
4269
3396
2018
6885
1267
4308
1188
9099
6239
8632
8989
8139
9018
315
894
4432
9859
5653
5371
4363
272
5393
2031
4139
4450
8764
9977
6728
9255
7805
1764
8653
3448
1371
3269
4847
5747
2848
4845
4286
5491
8568
8782
6680
4427
757
9099
3860
3298
1795
9192
3601
5959
8019
7488
1852
710
5382
9893
5080
6899
4824
3905
8973
243
6870
2140
7039
3035
653
8247
2602
4016
81
8852
6327
3724
3414
5289
6862
4338
5215
5545
3112
1881
9648
7650
847
3589
3010
1542
3460
9315
4851
7105
9165
3762
680
7913
841
6767
8016
1556
8177
1433
6597
1283
6733
2308
5490
5131
8144
8521
5436
1268
7746
4602
9678
3787
8440
66
5621
2594
9361
9115
6420
7224
7471
8521
1125
3971
3040
3428
2189
3560
2025
2900
315
2813
8862
5685
1469
6647
5552
633
5502
7821
2323
2556
2688
4269
1995
7555
9458
1148
7507
8142
5678
1929
4425
4941
370
9211
201
6670
9464
553
2485
3316
7860
88
8606
8355
1098
2671
3185
1336
3834
1046
17
7190
3001
1373
893
8251
1821
7865
189
8945
5620
3529
8894
256
8162
4183
1528
848
5845
6633
7881
3629
4070
6823
7472
6163
5135
4104
2247
4169
1603
6549
7918
8682
766
7023
7024
2030
4539
108
2884
9943
8460
3372
9939
2615
4713
7514
2528
9807
2040
6573
9433
4018
8661
4975
1353
9609
9854
2677
2951
3951
5694
4269
3374
4316
8420
934
5642
783
3823
8169
7916
9637
6728
4101
9818
4646
2780
8808
9414
1230
7045
233
841
9305
324
9586
4476
8056
8380
3692
4147
6512
2590
9746
1031
8737
1501
4872
9198
356
8461
4324
4344
6142
2237
3610
3753
209
6174
9957
1598
5426
5103
3057
958
8405
3463
8454
6158
7476
7262
9215
5905
6975
3383
1881
2523
8605
9854
3079
3296
6624
4394
3970
8605
1431
1888
4013
8130
5213
3828
2102
8571
494
4908
9065
3130
3306
1539
6543
4499
7330
3382
6659
4276
7616
5934
901
4174
5491
7643
9640
5764
6471
3034
5126
5967
1715
8627
9619
875
7964
3937
7358
8402
1111
3118
3572
3859
3036
9531
3327
2751
5574
3417
8764
9952
6166
8279
2010
2757
5064
8472
4718
9598
5613
2448
4484
4497
7943
1963
6399
3911
7107
6362
7954
3447
3569
6475
4759
9196
2559
3699
5708
53
5379
5515
3422
5465
5319
4596
1005
2900
5327
3657
7855
8083
3206
5808
2768
3496
8918
7276
4791
7786
3815
5106
2020
8621
2671
9989
4966
4921
2199
8832
7625
250
1998
7040
4092
8163
1046
5132
8272
1615
4924
8433
5421
1078
6822
3646
3935
2680
8053
4681
4125
5689
9674
4589
3146
9465
7717
5617
836
814
5512
4549
4298
6017
5802
1963
6411
5250
6583
6912
2186
4601
9429
8614
2557
1722
7041
7023
1796
6644
4632
344
4982
1382
3298
3168
8343
190
216
6067
7783
4240
4982
7207
1284
3647
8988
2306
4447
139
8878
5590
3452
5895
523
7882
1027
2421
523
4503
1427
8321
7762
3692
7638
3015
3697
4094
720
5986
7035
9087
4113
7697
3589
985
6394
2456
9527
3944
2204
3569
3407
9153
5212
9292
5877
947
3314
3946
4584
985
833
4066
3079
9784
7489
719
4957
1963
8808
8950
819
7833
423
2167
8537
4448
3728
3775
8784
9168
1253
7800
1454
742
572
542
8260
9219
1824
9358
8365
3865
9025
2333
6604
8530
8458
7378
2264
6604
7763
177
2196
8069
541
7125
3687
9119
2331
1865
5306
7135
3488
292
2239
9000
7651
3887
6303
4111
4319
7395
9148
4827
2599
1140
2293
6348
4326
6020
8424
3269
5461
1685
7361
5910
5846
815
1441
5290
605
5482
2410
3898
6479
4793
1846
9164
2050
323
8008
7452
5284
5151
3514
9780
8855
4667
1333
5499
2505
6601
1599
5800
7763
3687
6639
1586
4791
7321
8748
8902
9948
6517
6531
9379
8423
8395
8071
4517
5903
7503
5219
8572
1762
2101
9051
2664
3638
1351
9601
5043
2087
4949
9891
7051
7727
9946
3825
4683
8501
3768
5260
3078
9548
9551
8298
7583
4747
9647
1127
2231
8941
8647
1541
5812
2415
4361
9955
9162
311
1100
7804
2168
820
7453
1863
5794
3056
7395
4620
8935
6161
2558
7494
2366
4047
236
5443
1042
5377
2503
2968
3095
9776
1214
6737
1991
6461
6527
5079
7934
6158
1310
731
3262
2579
5204
6478
2768
9367
3974
563
9432
2850
6577
7852
4467
5083
1759
8305
6608
5291
7001
5183
9400
1917
2826
9180
4171
7729
4811
3513
1881
7216
6464
5537
2777
9305
1998
8990
6873
4410
727
7339
1267
794
3764
7763
4665
7571
3917
9064
6429
9518
3752
3744
5775
1751
3292
3834
339
8463
8577
5199
7614
4175
6663
6307
765
4378
1791
826
6850
4460
6585
1415
5068
7535
7482
9456
8562
5276
7434
861
4860
2238
4344
8671
6287
4098
251
4638
3778
4714
3174
2027
4145
3074
550
5076
2798
330
139
6374
9454
8001
4705
6460
2199
355
8154
773
2245
6537
73
8756
8675
318
6509
3265
4492
9730
7257
541
7198
8792
5756
5602
3559
3402
3522
4537
5039
4476
2262
1877
2178
8894
7026
797
5912
6666
8789
2407
9667
2110
5167
8816
7797
2036
9660
7304
827
9388
1835
5242
1017
2219
7817
89
6179
8301
9519
1669
7926
7941
501
7581
5297
7766
8497
4767
4867
9722
9904
2635
3010
7631
6528
806
2037
6322
1544
2649
7279
1779
6116
329
2105
5880
5296
898
7722
3933
5264
2237
4997
1657
2171
4817
1983
9117
7634
8053
8140
4869
4816
4467
8374
8193
7663
6297
4712
5565
5396
3625
5885
8891
8121
9552
3152
8915
7158
99
127
9185
3626
8917
6817
3996
331
3509
9633
2311
5112
8804
711
192
664
3141
7265
9430
8193
9565
9555
6232
5382
746
4504
7993
4942
5536
739
2783
2493
6974
7079
5482
4833
288
863
786
8603
5565
5610
7209
8568
3664
4087
1343
6988
1300
5194
6133
4570
9192
1800
8329
5233
178
1828
128
1846
3056
3910
8801
9738
4233
501
462
457
2514
6497
4254
1727
9629
6911
4630
3542
1356
4706
8054
160
7347
7810
2767
9885
8923
1628
98
8010
2755
3318
5172
6118
1217
3325
6254
8066
3015
4317
944
1605
9184
508
5301
41
6185
5187
8754
6293
8124
6522
4840
776
6088
7935
4362
6095
189
8131
4264
6227
4403
3665
9865
3170
2074
1868
5735
1704
971
6612
6100
7177
2078
5028
8219
7950
9557
4747
5298
4394
6725
5972
4203
8664
4293
5
3769
9923
6448
8337
2223
2289
2340
6538
1460
1853
44
2998
4963
2912
6187
941
8991
3627
9967
4941
1572
6307
2965
3209
9736
1081
3627
180
4145
5445
5728
9990
9280
4830
2968
538
4235
6457
2684
852
8808
3116
3166
3393
2516
2350
9834
5788
9236
5597
4823
9690
2467
5131
5885
5140
7659
5621
5169
1183
3599
2945
412
6393
7812
7476
3850
7953
5935
1598
3021
7971
5545
4899
690
1440
3104
6342
4539
8838
5815
7252
6060
9985
2270
7546
3649
1037
5292
2723
4764
6103
4872
7282
2269
3999
8311
6729
825
5884
720
9940
8957
7196
716
6981
620
966
9945
4237
8788
8447
2893
9891
2047
5124
7719
3108
2869
6602
7441
4567
4463
640
6705
7851
4662
9534
6272
1632
250
6493
210
2959
6703
1362
7715
8295
3601
1768
2195
5365
9864
4393
6712
1199
2502
3593
4307
5997
8286
1007
9373
6212
8383
3104
3535
1168
8093
5610
1168
3806
6337
6954
2601
8803
4103
8842
3509
6893
1333
2539
5028
3396
811
1370
1742
6188
9093
7794
3173
8953
8142
9903
7876
9167
1567
8922
7124
1382
2821
214
5005
9622
1761
9941
4376
4613
4056
6599
8051
8858
3099
5185
7454
2989
3361
8102
2483
7069
4080
7589
1331
1261
3690
2158
1674
9276
1524
1234
7108
6575
2018
2614
7434
9646
862
1011
4500
6376
968
2350
211
3395
5063
735
1862
3028
2174
4608
1001
8471
2713
1492
2575
5052
7222
2017
7492
878
5201
1019
4853
3505
2552
5743
1035
8663
1981
1976
2914
7327
4058
7778
1191
2396
3086
153
4128
7437
3974
6044
4598
1581
9079
2212
4430
4841
6119
6059
7237
7178
1339
9659
2569
2719
8059
9588
5060
1224
3330
4808
1507
1184
178
8151
3638
8888
5604
387
4368
940
8125
8335
3661
6341
8396
5385
7667
9034
5295
992
5298
7700
7445
2916
9397
6701
8703
8233
7450
5059
8000
9783
3870
5678
660
9346
6353
8076
7324
3569
9337
2278
9399
380
6131
9857
188
3335
8212
5475
4851
4357
7085
1135
260
5467
9101
4623
9704
3443
1664
6237
2508
4969
6693
1870
6851
8566
7406
1035
7451
6854
2640
6958
6648
9816
8507
981
8604
4050
675
6390
712
3486
9452
1632
4492
3204
9317
249
9258
1893
1915
4217
825
898
6302
2002
4149
6935
2032
1818
1556
6360
233
8407
2724
6294
4281
8535
3727
589
629
6312
9392
3597
6002
4938
1392
1619
2288
1855
5097
4356
1197
8508
3836
3878
8603
9360
4717
8618
5147
8973
8796
7145
2920
8535
7727
7498
6337
5560
3690
2878
4046
2222
3185
8744
3332
818
8308
76
9987
1654
4217
6771
6092
5226
504
4488
8752
6794
7887
6275
6084
5192
4662
5535
369
5057
669
4313
2999
7231
481
999
7234
9371
7581
6483
3109
2492
5501
8515
6258
5473
7598
4087
5179
4438
7298
6478
3299
9958
63
4932
2398
7598
1783
5596
4007
4458
7170
2502
2640
318
2903
4398
2996
8387
2762
2561
9673
5180
7327
9228
385
2755
8908
6115
9631
9989
9325
5434
7574
2727
3249
307
7661
6164
8962
8901
8735
9956
7458
7190
2879
4426
1345
6229
9177
7242
970
8518
9700
4373
6349
8235
6051
1410
88
9675
8491
1179
7838
6097
2734
5697
9433
132
342
8301
1916
3982
7165
517
5809
6428
7401
9383
770
1857
8837
724
1603
6599
8459
6732
2636
9971
4430
274
1860
996
4115
1387
5928
2024
6287
4041
892
7226
59
6991
6840
1644
6197
9456
5828
2284
4657
2504
6334
8855
1996
3958
6648
151
1648
8132
2335
1578
3476
6421
8293
8049
6075
6666
464
7665
5917
193
9996
9097
8706
8731
6491
7264
5306
5032
6093
5483
5947
8498
8987
8313
642
722
9372
8763
7482
3394
6026
2258
538
9153
5471
8550
7928
6940
9514
7265
4907
3327
5758
3062
6239
440
8281
4625
5410
3220
9073
269
923
2760
170
8732
2730
3934
1605
1590
3530
3978
1763
7776
7523
4232
2327
2488
557
6916
3433
8060
6398
9878
2710
3300
5796
5352
7589
5522
8367
821
9461
4708
7877
1903
8274
8387
6745
4573
9542
6236
1926
3840
6123
6377
8437
8576
1119
2075
270
7031
8481
4757
4650
6394
5576
7896
791
5040
7555
4679
4485
5232
1179
2038
7806
8619
3236
2980
7827
7363
7330
7714
1089
5015
5369
7007
8530
9660
1837
1761
9823
5993
1527
210
9731
7087
6281
1589
2267
2323
568
5987
8778
9018
7464
279
1497
8240
4791
1890
4588
3956
2015
3899
8639
1363
8255
2743
9599
7136
1651
3793
549
4045
927
2774
6381
7225
6747
9327
933
6646
7992
8380
4272
4901
5153
4650
8507
8817
1564
8640
6551
9221
592
6476
7189
9338
8001
4629
5824
5648
5718
2060
115
7960
8364
3508
75
5005
9443
1883
4871
349
5238
8692
557
3687
1912
963
2806
4659
3818
3748
1337
2328
5849
7432
2134
2318
2404
3421
5880
673
8315
8664
9629
5934
643
4658
1730
7373
2902
1452
2055
6459
6839
7681
1955
8947
9571
7351
5856
9737
5155
3536
4358
947
3374
9283
1510
7508
9323
7282
6412
7445
5444
1609
1784
3138
3255
1490
1366
7983
390
9191
7465
8325
4286
6677
8358
6525
5924
4137
812
5496
7995
6746
3666
7529
51
4498
4201
8159
8555
5498
2721
8322
6839
6145
8343
9065
8492
6489
5131
5446
1672
9215
5135
8063
9152
4693
2860
4330
6033
3933
9567
2180
6135
6292
6369
9518
4668
3112
5620
3764
6376
4488
1752
3227
1191
6183
6910
8231
5336
428
6564
4662
5345
3592
223
7660
8160
2517
9335
6124
6844
7176
1052
912
6475
9635
2086
838
4477
7786
6330
9351
2821
1727
4072
9476
5367
3116
7857
911
9292
8493
407
211
7779
9207
4108
6322
3539
8201
7772
5609
5643
8701
5079
113
4314
779
4326
5
7642
5291
7199
8971
3398
8324
6372
7393
5101
6486
1477
2646
9551
6129
3350
7410
2644
9263
7883
5746
4380
357
4015
8964
2769
5297
7316
91
4040
752
7957
9519
5159
1663
8440
2885
6368
316
4719
8007
4123
9353
4477
2831
9603
2635
981
6373
8918
9493
6862
4483
1520
5676
4676
4161
4641
647
2632
8321
7162
4310
4599
1881
5960
6619
583
8121
2567
505
5646
4776
183
8199
6573
1264
8956
1649
730
9970
7599
4284
5371
3863
6946
612
8094
3204
6337
9364
7814
3592
1140
1600
2351
8646
6081
690
1235
714
2558
4560
5269
106
580
2151
3722
1882
5487
8566
8295
9500
9730
1289
4438
2066
7799
799
7890
3841
8244
1243
6178
5684
1785
5796
5203
8938
3718
1625
5517
3341
1050
3877
1655
7648
8102
1178
6039
4468
8879
6734
4673
1431
2050
2303
577
6121
1122
4771
9732
9740
3086
3664
4256
9192
3070
2293
9477
2761
2811
803
1355
5446
4862
6348
3466
1278
9184
5510
6008
4480
7537
8572
3836
8215
6805
5202
8434
8384
8744
4466
6232
2842
6210
1384
5093
2889
3078
1990
6441
2823
2644
7973
5872
520
8159
6729
4544
3512
5304
7679
3137
4499
7401
5589
188
9344
7406
5110
860
139
8317
3682
3169
3230
3414
9190
2548
2411
5478
6956
9125
345
2326
9650
1904
3304
6768
6671
9246
2354
4705
6584
1607
8272
9642
5214
2085
7
832
9201
7443
9549
4484
1429
2085
1180
7565
2767
6802
5649
7393
3004
5291
3841
7507
9486
1167
1306
1526
7060
1143
7585
9119
7029
1789
8253
7688
1801
2426
9166
6017
7076
2236
9563
1746
1472
3254
1320
9115
4181
8161
7008
6188
3704
9217
9189
5760
5950
8482
6241
9764
3659
6929
1015
1894
5739
6391
9387
3944
3643
1664
4299
6132
3973
9930
5577
7322
4071
8681
1670
3524
9359
2071
5180
7242
1317
3273
9960
4193
7381
9820
3442
5951
8711
9102
9706
8282
4733
3306
1809
7598
2392
3291
1905
9693
1303
9473
8458
2192
5662
1825
4794
8108
991
1479
7208
9824
5511
71
1742
2891
5303
1538
5776
4938
3149
5747
2333
2543
3887
6728
6129
6845
4708
8222
1028
4624
7311
5190
163
249
5336
996
5593
8503
9785
406
8649
6658
9938
1713
6731
1536
1465
4246
7297
7882
3810
9092
2164
2745
6262
5799
6816
186
9155
3423
8088
5601
3184
4395
2824
8329
4667
6772
7685
4553
5745
3110
4611
6050
4714
7833
2307
1990
7726
7870
5990
7379
6664
3861
6707
9676
9909
4347
1697
4968
2617
2944
1890
7188
9407
4407
7724
3539
2570
1206
1844
8518
7788
2573
8777
5015
3234
628
827
6623
3195
525
4374
7848
8836
761
5855
620
4337
854
5081
3244
8185
1574
884
2957
4735
1451
4100
4172
8920
2942
3833
2
9742
111
3184
7779
8416
7862
7861
8960
691
2104
7427
7837
154
6117
1290
5485
1565
350
2412
1097
2697
2661
6148
3103
2708
1677
4179
5079
5915
463
7128
2257
90
5118
2460
1514
1511
8387
839
7502
4107
6274
5666
9463
782
3117
7098
2387
7246
9351
5837
3524
8443
5712
9189
753
9027
9599
8046
9465
7365
3967
9638
7095
932
5952
5168
7586
3050
6334
8836
1724
374
4479
3671
9770
2035
4485
2450
7346
6503
19
2257
8320
9941
5597
1947
8644
2687
4056
281
5141
1147
4416
7877
7529
560
1064
9489
6236
14
5244
7232
2205
1640
5651
4693
1929
2335
9600
8326
6143
7948
3608
5804
1746
3113
8686
4330
6269
3644
649
9944
8960
1345
4055
7035
9833
4436
8443
3426
2334
3368
4513
2703
2935
8278
5091
721
120
9173
3044
6314
1228
4178
9593
2930
2381
7644
5191
2999
1984
2223
2648
574
3950
1787
4920
4027
4284
3425
8955
4760
92
4394
7537
6726
8684
3043
945
8622
1677
7032
6643
5906
2686
572
6794
982
9462
9986
4798
2276
977
588
2968
3536
2738
6573
4342
2664
5446
1261
9758
4583
473
8825
9472
232
9026
660
804
1745
1833
3086
7538
5763
6825
7742
2896
3852
9409
4127
5782
4423
916
549
8125
433
2864
7403
8326
7353
4652
1147
6328
5171
7706
7881
2097
1368
2012
8428
6701
1246
8579
9913
3268
3472
5298
5933
6894
7594
6833
1943
5538
1219
7229
4257
9756
4406
2845
1545
1100
2543
6496
4288
3483
6847
1186
8046
3833
2652
973
623
5778
8280
1868
7758
1247
3740
7259
5901
5352
2162
90
1438
6487
7612
8641
3105
4456
1315
7421
9307
8076
6127
9543
8511
2333
2832
2838
5867
5916
2039
3435
146
2998
7813
4827
33
1477
1565
3001
7968
8882
1240
8609
8216
9737
198
9634
8587
3765
747
7203
388
6618
8590
4566
7868
6337
1321
3513
6086
78
685
3401
6664
5741
4102
3777
4022
3659
2887
3329
2157
7025
6433
3818
9304
6827
8837
2357
8659
1783
564
4803
7034
8457
7982
3343
8684
7627
3663
1200
3970
5090
163
1163
3078
7884
7938
6613
4705
6725
3740
5813
1077
4168
481
2792
2100
6530
1213
3566
1451
5507
1263
4418
1343
990
5125
9592
3874
7168
7062
974
8962
3053
9883
9061
1999
5750
6363
8361
3782
4518
8913
5979
254
1164
252
9152
1070
2435
9587
6418
3690
1036
3891
3300
456
9965
4630
3155
7363
6931
7026
2296
1723
7251
8571
5835
5015
8831
3206
4833
1945
9316
8027
3477
5676
8111
5109
4789
9580
2879
5082
6483
3617
6150
466
6812
6842
5770
8981
3622
2178
5912
9750
8866
6258
2456
534
2336
7635
8043
2230
3602
685
7025
3005
1433
1601
1767
5057
732
1360
4381
7814
9911
5926
2278
7952
5247
8087
4760
4663
8963
532
2628
3430
415
6121
448
4096
2186
3238
6863
8256
7647
2072
6578
2971
1593
7364
4119
2500
5192
4271
1056
6315
1088
6733
4847
6643
9760
9220
5821
7822
6432
2988
9818
6680
707
3957
6222
5773
140
1765
4462
8200
9853
3468
58
537
1835
774
6660
5537
2510
9245
7531
1037
9876
8665
9253
1949
9124
4533
3979
96
2000
9614
8206
1406
5587
7946
2935
9313
2698
2131
9964
1969
3008
1983
4319
1867
2178
9709
2048
2173
1169
6926
2451
9856
1989
5054
6156
7091
2894
5453
4663
320
6646
2927
5172
7261
3715
3340
9423
2369
2776
3716
6942
2208
2411
2099
7795
3541
2209
2877
5121
9707
6
4086
5340
4009
7065
9776
7801
5544
803
7106
6772
5586
5784
1058
4497
7032
870
2671
4698
1551
2970
4413
4438
2265
339
3037
827
620
4318
8888
5883
5857
7008
9497
5129
2379
5282
5252
2847
5201
2214
1863
6392
8058
7289
6363
1704
3476
2481
1991
8539
4305
3829
6929
2699
7471
1355
5649
9163
5842
1980
3573
4544
9777
8196
4171
8272
8105
2742
8798
8578
1474
8284
7807
4853
1260
6316
7775
2365
8981
2423
7671
7
1866
715
2341
1902
5463
4888
8099
5558
3805
7503
1941
5846
8335
37
3759
403
2601
7976
1729
1495
7518
8521
7968
6496
6588
8727
8722
8836
4910
1804
53
7586
1742
6497
2972
5605
1829
1357
6615
1042
7216
5642
3806
7184
1344
7352
8027
4887
5407
8155
9521
9056
4346
1120
9868
5245
1999
4941
1494
5234
8116
9558
1299
8064
5873
6603
6170
8003
7372
2046
2193
3201
703
3155
9588
6962
3928
8401
5313
9375
765
2917
131
6164
8057
405
3960
7359
7400
9698
7057
1914
1035
6662
9287
6101
9128
5309
3636
492
1649
6049
7909
6024
2239
573
9770
7697
2443
1811
6646
2081
8968
8569
6202
7252
5073
2509
8857
8411
2091
362
9671
5360
1526
5699
5571
4548
4549
4268
5422
9348
9063
7
5830
8651
1298
7084
2660
2048
108
7986
7679
5935
5365
9226
9898
6774
9076
6396
849
9142
7148
2073
1419
3929
5354
510
3980
6146
6926
7930
7594
2704
9348
9655
1706
5549
3566
6820
5799
5363
2672
467
270
8942
5079
4558
4328
5421
4198
7717
1989
2833
7151
9682
6017
2776
4891
254
8822
4211
534
7436
1870
7699
7082
371
8435
3843
6966
8249
5798
9391
2026
2842
8
1474
7154
1752
1368
957
1676
2477
697
8867
9560
3707
3598
3569
4924
1669
7237
7531
6961
8694
1614
9634
1821
6831
7319
1249
7070
6735
757
7095
3247
7242
673
1519
9946
6924
1356
4794
4506
6231
2816
2255
2492
4951
4645
7976
5634
6807
2109
5070
3459
813
4397
1423
6450
8976
3496
1851
3706
9386
297
4863
7139
3928
173
9704
6755
2382
9322
6009
2052
519
3184
9480
1085
3146
9499
530
2672
4265
6418
1231
9616
1299
6335
7632
8845
9769
9163
1797
7886
6590
869
3243
2425
4343
591
5794
4594
754
246
6509
765
7411
6012
1139
6865
9673
3363
6210
9820
5055
9096
5523
8077
3630
9337
9752
5410
223
2868
2
1822
3135
8686
5888
8854
3244
7949
6849
3193
7676
979
8106
8506
3164
1191
8996
5563
2534
7825
9980
3336
4684
9490
2782
7357
4160
2014
6188
4276
1622
7399
2423
79
3441
2519
673
1022
8202
1482
5097
5262
2160
4725
869
2271
1769
7527
94
4415
7174
9642
3877
9832
3524
4278
3203
6819
5055
8915
7823
8488
3249
8344
4040
8404
1656
3045
3618
7444
5222
4521
3694
8868
9298
9473
7841
7631
6779
7422
6790
1570
4141
625
6048
3009
3388
9462
232
3749
7629
6123
309
2625
9077
2187
9001
9104
9512
8667
5799
9662
915
3007
6787
127
6870
2762
4690
1711
8441
257
6801
4838
8943
1147
993
9447
8744
1047
6495
1638
4160
9770
1810
1173
9957
5892
5774
3289
1878
461
4133
9165
6326
2897
3949
1667
7120
2853
317
450
7221
9108
3632
1745
7808
1099
3516
6910
6843
4446
5709
2459
9418
3621
1115
4789
7605
6150
330
5059
4532
5360
3135
7064
1650
3441
1488
2340
1492
2837
4148
5885
6403
6971
4202
2566
3877
4470
7526
1577
4377
4445
8038
3798
7025
6863
386
4808
6666
6343
8114
9728
4231
9527
3386
8993
5564
9236
2720
7175
3238
206
4397
3124
1912
4570
3442
7368
4704
5022
4082
3453
1160
265
8845
7149
5400
28
5454
3744
6808
2345
9450
6021
6403
1734
9208
3580
5320
5566
9712
6814
3930
1941
7596
3690
6599
2261
4075
2398
4790
2890
4164
9629
3977
9286
7128
6594
7714
3825
5328
4978
8434
2401
2789
8519
5133
3154
9279
5215
3209
8739
9397
847
6900
6125
2739
5861
9189
688
3386
5865
7531
4027
9873
2079
3955
4104
6521
8651
501
6226
4670
4801
9245
3956
8697
1369
9959
3759
6578
8604
2163
8903
4803
6029
121
4490
232
4070
2150
2831
7987
510
436
1527
348
724
3831
9202
453
5211
7204
8690
9259
9042
7116
8324
5320
495
8486
416
2086
3991
3947
7853
7006
8396
8587
545
6510
7204
7741
341
1929
4498
3411
6146
4233
915
9004
4474
4463
3991
4035
645
9691
8537
6660
2198
1895
589
6751
5241
7821
518
2837
139
9498
2161
6271
8630
6042
5825
2303
6680
9986
4615
3838
5983
1452
6174
2004
7539
7261
3025
4293
4175
6323
9994
217
4286
1850
727
9044
8478
7405
1179
8372
1988
6922
1550
1226
5852
1838
8418
5887
2650
7104
1459
375
9026
2474
1834
8035
3856
2465
1727
5120
8597
4326
8408
6173
3375
1236
6530
3739
5156
4890
394
9821
6235
1635
249
3774
4135
2400
4682
7297
1568
8440
7737
1540
2016
4998
2874
6654
5511
8272
6931
3655
7131
4456
6759
4423
4239
8651
0
5734
4511
2054
8712
8899
485
7337
1204
3392
9484
3524
4190
5547
1295
1918
2333
3959
5948
2724
9123
856
2378
6862
1859
9022
5348
2173
909
3737
1313
4945
5095
2203
9537
2215
7417
7851
1271
1600
8501
2325
1486
7484
338
6718
2377
3253
8308
2822
3306
6953
4665
1494
2094
2670
9122
8569
4292
586
8940
2631
3864
1723
5434
6844
257
2496
2849
7544
627
3451
2303
9647
8273
8846
6009
2528
9283
7970
9360
931
5455
8503
8127
8972
4983
2166
3940
1564
5503
9042
9480
4854
5290
8684
6797
1903
5216
9782
1699
7279
430
799
1399
308
8890
4941
6296
8069
8689
3177
3063
9956
8366
8820
5547
3101
6841
8840
3293
4443
715
8377
1639
8362
1193
3530
6484
7879
4004
1612
7780
5555
6316
1280
6927
3670
7468
4862
227
2193
3686
4574
3372
6764
8252
3156
2094
9293
5048
9833
5154
6346
3321
4388
267
6214
7947
8695
2740
7223
6241
6165
5176
8089
5025
3634
3709
7035
7644
7587
1437
598
7624
3093
3555
7358
2012
4825
159
4673
9704
1293
8246
8781
8303
5253
2969
1903
9090
776
4687
5861
9690
6248
4754
8420
6609
9801
8291
8661
6893
7682
2315
9803
3994
6897
288
6720
419
601
2640
8765
6205
9015
2012
4760
6624
7315
8660
6472
7747
433
3403
4100
2147
2486
3415
6841
9247
2264
8119
4010
163
255
737
7458
415
9368
5335
6373
5860
1767
2469
5988
5674
5116
6858
1119
1601
8319
6113
197
1346
1206
7835
1720
6096
4869
5754
27
7985
8340
5660
5005
6259
5244
8514
8959
5965
5963
1228
3265
6723
3480
8420
8011
5893
2688
4851
4903
9877
1727
8643
7820
9651
4474
1987
3396
3494
5512
1168
8047
8777
4177
5542
1697
4336
4495
6899
8647
9894
4497
6292
8135
4325
5327
8895
1685
3728
4727
9628
5634
4368
4966
9600
6574
9690
1314
3303
2766
6025
4228
3501
3145
9293
8659
6522
604
1391
3819
1096
7294
1807
6861
2722
8029
9309
7488
3770
6839
8065
2805
4999
3413
2631
6856
1290
4946
2106
3330
427
601
7372
3435
5061
1996
303
5949
1050
3553
1619
4068
7364
1351
7005
7938
5898
3702
4240
9855
9755
5876
5994
3661
6410
4788
5437
745
245
9753
5353
7678
4996
7849
2723
6947
9659
2700
8548
645
3324
9556
7713
7199
6300
8614
2210
5029
3104
6582
5537
6753
2852
7953
4096
6484
2855
8100
775
3294
391
6666
4953
1881
916
7378
9347
5264
9076
7007
1008
5341
6819
3672
2268
527
6004
4704
1059
7978
9832
1569
2676
2857
9753
9425
1223
2574
4484
4711
4408
4378
5249
2694
6960
4728
9441
6120
879
2852
3955
790
6999
682
3826
3363
4648
6792
2367
4073
3748
7237
4550
3979
3902
9179
9168
633
8131
1231
6884
3362
453
5346
4538
2116
9184
3311
6446
2143
9851
3013
3661
1783
9917
2415
7184
9944
8906
3359
8306
8308
776
4393
1999
7736
7442
8491
3834
2733
9432
4379
8475
3242
4737
2040
6964
8838
7566
1554
5375
4955
8524
9190
3270
4486
5862
1874
8718
5899
9989
3575
8352
5190
3685
9691
9541
4060
997
8110
1534
1680
7114
117
4462
3697
6544
6178
1060
3264
6671
6773
5096
3440
661
6571
3985
5974
9206
1573
9761
2576
7229
1860
3006
8818
8126
7551
1918
5051
4026
9287
5022
4022
845
7714
8479
6316
7607
8787
3166
5479
8021
1371
6254
5138
8907
3785
3523
9020
449
8829
8382
9275
711
9066
3984
2253
150
9897
5533
1417
6549
6794
15
916
8900
6118
1748
5536
6649
4704
741
3871
4453
2441
9699
9637
401
9475
2624
3275
1018
8141
2328
5424
5862
9806
986
2986
371
5725
8438
2394
1563
4172
9397
7470
4117
1204
2624
2431
3194
5484
7294
6427
2178
2979
8957
1421
5164
1677
9644
1064
4135
2411
2338
8739
7279
9106
3951
110
5927
1182
8782
7922
1263
8224
8179
1255
9522
3714
2711
2575
6799
5259
3580
4767
2642
4653
7471
3182
9199
6540
1402
2998
